Begin execution 
method=16, problem=1, algorithm=12
approximation=1,sampling=1
options.h=+2.604166666666666666666666666667e-03         
----------------
+0.000000000000000000000000000000e+00         
+0.000000000000000000000000000000e+00         
+0.000000000000000000000000000000e+00         
+0.000000000000000000000000000000e+00         
+0.000000000000000000000000000000e+00         
+0.000000000000000000000000000000e+00         
+0.000000000000000000000000000000e+00         
+0.000000000000000000000000000000e+00         
+0.000000000000000000000000000000e+00         
+0.000000000000000000000000000000e+00         
+0.000000000000000000000000000000e+00         
+0.000000000000000000000000000000e+00         
+0.000000000000000000000000000000e+00         
+0.000000000000000000000000000000e+00         
+0.000000000000000000000000000000e+00         
+0.000000000000000000000000000000e+00         
+0.000000000000000000000000000000e+00         
+0.000000000000000000000000000000e+00         
+0.000000000000000000000000000000e+00         
+0.000000000000000000000000000000e+00         
+0.000000000000000000000000000000e+00         
+0.000000000000000000000000000000e+00         
+0.000000000000000000000000000000e+00         
+0.000000000000000000000000000000e+00         
+0.000000000000000000000000000000e+00         
+0.000000000000000000000000000000e+00         
+0.000000000000000000000000000000e+00         
+0.000000000000000000000000000000e+00         
+0.000000000000000000000000000000e+00         
+0.000000000000000000000000000000e+00         
+0.000000000000000000000000000000e+00         
+0.000000000000000000000000000000e+00         
+0.000000000000000000000000000000e+00         
+0.000000000000000000000000000000e+00         
+0.000000000000000000000000000000e+00         
+0.000000000000000000000000000000e+00         
+0.000000000000000000000000000000e+00         
+0.000000000000000000000000000000e+00         
+0.000000000000000000000000000000e+00         
+0.000000000000000000000000000000e+00         
+0.000000000000000000000000000000e+00         
+0.000000000000000000000000000000e+00         
+0.000000000000000000000000000000e+00         
+0.000000000000000000000000000000e+00         
+0.000000000000000000000000000000e+00         
+0.000000000000000000000000000000e+00         
+0.000000000000000000000000000000e+00         
+0.000000000000000000000000000000e+00         
+0.000000000000000000000000000000e+00         
+0.000000000000000000000000000000e+00         
+0.000000000000000000000000000000e+00         
+0.000000000000000000000000000000e+00         
+0.000000000000000000000000000000e+00         
+0.000000000000000000000000000000e+00         
+0.000000000000000000000000000000e+00         
+0.000000000000000000000000000000e+00         
+0.000000000000000000000000000000e+00         
+0.000000000000000000000000000000e+00         
+0.000000000000000000000000000000e+00         
+0.000000000000000000000000000000e+00         
+0.000000000000000000000000000000e+00         
+0.000000000000000000000000000000e+00         
+0.000000000000000000000000000000e+00         
+0.000000000000000000000000000000e+00         
+0.000000000000000000000000000000e+00         
+0.000000000000000000000000000000e+00         
+0.000000000000000000000000000000e+00         
+0.000000000000000000000000000000e+00         
+0.000000000000000000000000000000e+00         
+0.000000000000000000000000000000e+00         
+0.000000000000000000000000000000e+00         
+0.000000000000000000000000000000e+00         
+0.000000000000000000000000000000e+00         
+0.000000000000000000000000000000e+00         
+0.000000000000000000000000000000e+00         
+0.000000000000000000000000000000e+00         
+0.000000000000000000000000000000e+00         
+0.000000000000000000000000000000e+00         
+0.000000000000000000000000000000e+00         
+0.000000000000000000000000000000e+00         
+0.000000000000000000000000000000e+00         
+0.000000000000000000000000000000e+00         
+0.000000000000000000000000000000e+00         
+0.000000000000000000000000000000e+00         
+0.000000000000000000000000000000e+00         
+0.000000000000000000000000000000e+00         
+0.000000000000000000000000000000e+00         
+0.000000000000000000000000000000e+00         
+0.000000000000000000000000000000e+00         
+0.000000000000000000000000000000e+00         
+0.000000000000000000000000000000e+00         
+0.000000000000000000000000000000e+00         
+0.000000000000000000000000000000e+00         
+0.000000000000000000000000000000e+00         
+0.000000000000000000000000000000e+00         
+0.000000000000000000000000000000e+00         
+0.000000000000000000000000000000e+00         
+0.000000000000000000000000000000e+00         
+0.000000000000000000000000000000e+00         
+0.000000000000000000000000000000e+00         
+0.000000000000000000000000000000e+00         
+0.000000000000000000000000000000e+00         
+0.000000000000000000000000000000e+00         
+0.000000000000000000000000000000e+00         
+0.000000000000000000000000000000e+00         
+0.000000000000000000000000000000e+00         
+0.000000000000000000000000000000e+00         
+0.000000000000000000000000000000e+00         
+0.000000000000000000000000000000e+00         
+0.000000000000000000000000000000e+00         
+0.000000000000000000000000000000e+00         
+0.000000000000000000000000000000e+00         
+0.000000000000000000000000000000e+00         
+0.000000000000000000000000000000e+00         
+0.000000000000000000000000000000e+00         
+0.000000000000000000000000000000e+00         
+0.000000000000000000000000000000e+00         
+0.000000000000000000000000000000e+00         
+0.000000000000000000000000000000e+00         
+0.000000000000000000000000000000e+00         
+0.000000000000000000000000000000e+00         
+0.000000000000000000000000000000e+00         
+0.000000000000000000000000000000e+00         
+0.000000000000000000000000000000e+00         
+0.000000000000000000000000000000e+00         
+0.000000000000000000000000000000e+00         
+0.000000000000000000000000000000e+00         
+0.000000000000000000000000000000e+00         
+0.000000000000000000000000000000e+00         
+0.000000000000000000000000000000e+00         
+0.000000000000000000000000000000e+00         
+0.000000000000000000000000000000e+00         
+0.000000000000000000000000000000e+00         
+0.000000000000000000000000000000e+00         
+0.000000000000000000000000000000e+00         
+0.000000000000000000000000000000e+00         
+0.000000000000000000000000000000e+00         
+0.000000000000000000000000000000e+00         
+0.000000000000000000000000000000e+00         
+0.000000000000000000000000000000e+00         
+0.000000000000000000000000000000e+00         
+0.000000000000000000000000000000e+00         
+0.000000000000000000000000000000e+00         
+0.000000000000000000000000000000e+00         
+0.000000000000000000000000000000e+00         
+0.000000000000000000000000000000e+00         
+0.000000000000000000000000000000e+00         
+0.000000000000000000000000000000e+00         
+0.000000000000000000000000000000e+00         
+0.000000000000000000000000000000e+00         
+0.000000000000000000000000000000e+00         
+0.000000000000000000000000000000e+00         
+0.000000000000000000000000000000e+00         
+0.000000000000000000000000000000e+00         
+0.000000000000000000000000000000e+00         
+0.000000000000000000000000000000e+00         
+0.000000000000000000000000000000e+00         
+0.000000000000000000000000000000e+00         
+0.000000000000000000000000000000e+00         
+0.000000000000000000000000000000e+00         
+0.000000000000000000000000000000e+00         
+0.000000000000000000000000000000e+00         
+0.000000000000000000000000000000e+00         
+0.000000000000000000000000000000e+00         
+0.000000000000000000000000000000e+00         
+0.000000000000000000000000000000e+00         
+0.000000000000000000000000000000e+00         
+0.000000000000000000000000000000e+00         
+0.000000000000000000000000000000e+00         
+0.000000000000000000000000000000e+00         
+0.000000000000000000000000000000e+00         
+0.000000000000000000000000000000e+00         
+0.000000000000000000000000000000e+00         
+0.000000000000000000000000000000e+00         
+0.000000000000000000000000000000e+00         
+0.000000000000000000000000000000e+00         
+0.000000000000000000000000000000e+00         
+0.000000000000000000000000000000e+00         
+0.000000000000000000000000000000e+00         
+0.000000000000000000000000000000e+00         
+0.000000000000000000000000000000e+00         
+0.000000000000000000000000000000e+00         
+0.000000000000000000000000000000e+00         
+0.000000000000000000000000000000e+00         
+0.000000000000000000000000000000e+00         
+0.000000000000000000000000000000e+00         
+0.000000000000000000000000000000e+00         
+0.000000000000000000000000000000e+00         
+0.000000000000000000000000000000e+00         
+0.000000000000000000000000000000e+00         
+0.000000000000000000000000000000e+00         
+0.000000000000000000000000000000e+00         
+0.000000000000000000000000000000e+00         
+0.000000000000000000000000000000e+00         
+0.000000000000000000000000000000e+00         
+0.000000000000000000000000000000e+00         
+0.000000000000000000000000000000e+00         
+0.000000000000000000000000000000e+00         
+0.000000000000000000000000000000e+00         
+0.000000000000000000000000000000e+00         
+0.000000000000000000000000000000e+00         
+0.000000000000000000000000000000e+00         
+0.000000000000000000000000000000e+00         
+0.000000000000000000000000000000e+00         
+0.000000000000000000000000000000e+00         
+0.000000000000000000000000000000e+00         
+0.000000000000000000000000000000e+00         
+0.000000000000000000000000000000e+00         
+0.000000000000000000000000000000e+00         
+0.000000000000000000000000000000e+00         
+0.000000000000000000000000000000e+00         
+0.000000000000000000000000000000e+00         
+0.000000000000000000000000000000e+00         
+0.000000000000000000000000000000e+00         
+0.000000000000000000000000000000e+00         
+0.000000000000000000000000000000e+00         
+0.000000000000000000000000000000e+00         
+0.000000000000000000000000000000e+00         
+0.000000000000000000000000000000e+00         
+0.000000000000000000000000000000e+00         
+0.000000000000000000000000000000e+00         
+0.000000000000000000000000000000e+00         
+0.000000000000000000000000000000e+00         
+0.000000000000000000000000000000e+00         
+0.000000000000000000000000000000e+00         
+0.000000000000000000000000000000e+00         
+0.000000000000000000000000000000e+00         
+0.000000000000000000000000000000e+00         
+0.000000000000000000000000000000e+00         
+0.000000000000000000000000000000e+00         
+0.000000000000000000000000000000e+00         
+0.000000000000000000000000000000e+00         
+0.000000000000000000000000000000e+00         
+0.000000000000000000000000000000e+00         
+0.000000000000000000000000000000e+00         
+0.000000000000000000000000000000e+00         
+0.000000000000000000000000000000e+00         
+0.000000000000000000000000000000e+00         
+0.000000000000000000000000000000e+00         
+0.000000000000000000000000000000e+00         
+0.000000000000000000000000000000e+00         
+0.000000000000000000000000000000e+00         
+0.000000000000000000000000000000e+00         
+0.000000000000000000000000000000e+00         
+0.000000000000000000000000000000e+00         
+0.000000000000000000000000000000e+00         
+0.000000000000000000000000000000e+00         
+0.000000000000000000000000000000e+00         
+0.000000000000000000000000000000e+00         
+0.000000000000000000000000000000e+00         
+0.000000000000000000000000000000e+00         
+0.000000000000000000000000000000e+00         
+0.000000000000000000000000000000e+00         
+0.000000000000000000000000000000e+00         
+0.000000000000000000000000000000e+00         
+0.000000000000000000000000000000e+00         

u:+1.100000000000000000000000000000e+00         ,+0.000000000000000000000000000000e+00         ,+0.000000000000000000000000000000e+00         ,+2.774600000000000000000000000000e+00         
,Initial energy:-1.439988748382646980647065500487e+01         
Energy Quadruple, 0,0,-0.000000000000000000000000000000e+00         
Jakobiarra

Norma=9.1653134419191975013. ***********Energy Quadruple, 1,7,+2.915391061555141559282226683631e-23  
Norma=9.1653144649786000286 ************Energy Quadruple, 1,7,+1.069969440553134173957097976790e-34        
Jakobiarra

Norma=9.1653166965729528926. ***********Energy Quadruple, 2,4,+2.915391061576540948093289367110e-23  
Norma=9.1653166965729528926 ***********Energy Quadruple, 2,3,-0.000000000000000000000000000000e+00         
Jakobiarra

Norma=9.1653189761824176429. ***********Energy Quadruple, 3,3,+2.915391061565841253687758025371e-23
Norma=9.1653189761824176429 ***********Energy Quadruple, 3,3,+2.139938881106268347914195953580e-34          
Jakobiarra

Norma=9.1653212987825281033. ***********Energy Quadruple, 4,3,+2.915391061544441864876695341891e-23
Norma=9.1653212987825281033 ***********Energy Quadruple, 4,3,+4.279877762212536695828391907160e-34         
Jakobiarra

Norma=9.1653236586161721533. ***********Energy Quadruple, 5,3,+2.915391061555141559282226683631e-23
Norma=9.1653236586161721533 ***********Energy Quadruple, 5,3,+3.209908321659402521871293930370e-34         
Jakobiarra

Norma=9.1653260491227346307. ***********Energy Quadruple, 6,3,+2.915391061555141559282226683631e-23
Norma=9.1653260491227346307 ***********Energy Quadruple, 6,3,+4.279877762212536695828391907160e-34         
Jakobiarra

Norma=9.16532846286292191. ***********Energy Quadruple, 7,3,+2.915391061565841253687758025371e-23
Norma=9.16532846286292191 ***********Energy Quadruple, 7,3,+4.279877762212536695828391907160e-34          
Jakobiarra

Norma=9.1653308914394298057. ***********Energy Quadruple, 8,3,+2.915391061565841253687758025371e-23
Norma=9.1653308914394298057 ***********Energy Quadruple, 8,3,+2.139938881106268347914195953580e-34         
Jakobiarra

Norma=9.1653333254137727693. ***********Energy Quadruple, 9,3,+2.915391061576540948093289367110e-23
Norma=9.1653333254137727693 ***********Energy Quadruple, 9,3,-0.000000000000000000000000000000e+00         
Jakobiarra

Norma=9.1653357542197095853. ***********Energy Quadruple, 10,3,+2.915391061533742170471164000152e-23
Norma=9.1653357542197095853 ***********Energy Quadruple, 10,3,-0.000000000000000000000000000000e+00 

************
 
