Begin execution 
method=16, problem=1, algorithm=13
approximation=1,sampling=1
options.h=+2.604166666666666666666666666667e-03         
----------------
+0.000000000000000000000000000000e+00         
+0.000000000000000000000000000000e+00         
+0.000000000000000000000000000000e+00         
+0.000000000000000000000000000000e+00         
+0.000000000000000000000000000000e+00         
+0.000000000000000000000000000000e+00         
+0.000000000000000000000000000000e+00         
+0.000000000000000000000000000000e+00         
+0.000000000000000000000000000000e+00         
+0.000000000000000000000000000000e+00         
+0.000000000000000000000000000000e+00         
+0.000000000000000000000000000000e+00         
+0.000000000000000000000000000000e+00         
+0.000000000000000000000000000000e+00         
+0.000000000000000000000000000000e+00         
+0.000000000000000000000000000000e+00         
+0.000000000000000000000000000000e+00         
+0.000000000000000000000000000000e+00         
+0.000000000000000000000000000000e+00         
+0.000000000000000000000000000000e+00         
+0.000000000000000000000000000000e+00         
+0.000000000000000000000000000000e+00         
+0.000000000000000000000000000000e+00         
+0.000000000000000000000000000000e+00         
+0.000000000000000000000000000000e+00         
+0.000000000000000000000000000000e+00         
+0.000000000000000000000000000000e+00         
+0.000000000000000000000000000000e+00         
+0.000000000000000000000000000000e+00         
+0.000000000000000000000000000000e+00         
+0.000000000000000000000000000000e+00         
+0.000000000000000000000000000000e+00         
+0.000000000000000000000000000000e+00         
+0.000000000000000000000000000000e+00         
+0.000000000000000000000000000000e+00         
+0.000000000000000000000000000000e+00         
+0.000000000000000000000000000000e+00         
+0.000000000000000000000000000000e+00         
+0.000000000000000000000000000000e+00         
+0.000000000000000000000000000000e+00         
+0.000000000000000000000000000000e+00         
+0.000000000000000000000000000000e+00         
+0.000000000000000000000000000000e+00         
+0.000000000000000000000000000000e+00         
+0.000000000000000000000000000000e+00         
+0.000000000000000000000000000000e+00         
+0.000000000000000000000000000000e+00         
+0.000000000000000000000000000000e+00         
+0.000000000000000000000000000000e+00         
+0.000000000000000000000000000000e+00         
+0.000000000000000000000000000000e+00         
+0.000000000000000000000000000000e+00         
+0.000000000000000000000000000000e+00         
+0.000000000000000000000000000000e+00         
+0.000000000000000000000000000000e+00         
+0.000000000000000000000000000000e+00         
+0.000000000000000000000000000000e+00         
+0.000000000000000000000000000000e+00         
+0.000000000000000000000000000000e+00         
+0.000000000000000000000000000000e+00         
+0.000000000000000000000000000000e+00         
+0.000000000000000000000000000000e+00         
+0.000000000000000000000000000000e+00         
+0.000000000000000000000000000000e+00         
+0.000000000000000000000000000000e+00         
+0.000000000000000000000000000000e+00         
+0.000000000000000000000000000000e+00         
+0.000000000000000000000000000000e+00         
+0.000000000000000000000000000000e+00         
+0.000000000000000000000000000000e+00         
+0.000000000000000000000000000000e+00         
+0.000000000000000000000000000000e+00         
+0.000000000000000000000000000000e+00         
+0.000000000000000000000000000000e+00         
+0.000000000000000000000000000000e+00         
+0.000000000000000000000000000000e+00         
+0.000000000000000000000000000000e+00         
+0.000000000000000000000000000000e+00         
+0.000000000000000000000000000000e+00         
+0.000000000000000000000000000000e+00         
+0.000000000000000000000000000000e+00         
+0.000000000000000000000000000000e+00         
+0.000000000000000000000000000000e+00         
+0.000000000000000000000000000000e+00         
+0.000000000000000000000000000000e+00         
+0.000000000000000000000000000000e+00         
+0.000000000000000000000000000000e+00         
+0.000000000000000000000000000000e+00         
+0.000000000000000000000000000000e+00         
+0.000000000000000000000000000000e+00         
+0.000000000000000000000000000000e+00         
+0.000000000000000000000000000000e+00         
+0.000000000000000000000000000000e+00         
+0.000000000000000000000000000000e+00         
+0.000000000000000000000000000000e+00         
+0.000000000000000000000000000000e+00         
+0.000000000000000000000000000000e+00         
+0.000000000000000000000000000000e+00         
+0.000000000000000000000000000000e+00         
+0.000000000000000000000000000000e+00         
+0.000000000000000000000000000000e+00         
+0.000000000000000000000000000000e+00         
+0.000000000000000000000000000000e+00         
+0.000000000000000000000000000000e+00         
+0.000000000000000000000000000000e+00         
+0.000000000000000000000000000000e+00         
+0.000000000000000000000000000000e+00         
+0.000000000000000000000000000000e+00         
+0.000000000000000000000000000000e+00         
+0.000000000000000000000000000000e+00         
+0.000000000000000000000000000000e+00         
+0.000000000000000000000000000000e+00         
+0.000000000000000000000000000000e+00         
+0.000000000000000000000000000000e+00         
+0.000000000000000000000000000000e+00         
+0.000000000000000000000000000000e+00         
+0.000000000000000000000000000000e+00         
+0.000000000000000000000000000000e+00         
+0.000000000000000000000000000000e+00         
+0.000000000000000000000000000000e+00         
+0.000000000000000000000000000000e+00         
+0.000000000000000000000000000000e+00         
+0.000000000000000000000000000000e+00         
+0.000000000000000000000000000000e+00         
+0.000000000000000000000000000000e+00         
+0.000000000000000000000000000000e+00         
+0.000000000000000000000000000000e+00         
+0.000000000000000000000000000000e+00         
+0.000000000000000000000000000000e+00         
+0.000000000000000000000000000000e+00         
+0.000000000000000000000000000000e+00         
+0.000000000000000000000000000000e+00         
+0.000000000000000000000000000000e+00         
+0.000000000000000000000000000000e+00         
+0.000000000000000000000000000000e+00         
+0.000000000000000000000000000000e+00         
+0.000000000000000000000000000000e+00         
+0.000000000000000000000000000000e+00         
+0.000000000000000000000000000000e+00         
+0.000000000000000000000000000000e+00         
+0.000000000000000000000000000000e+00         
+0.000000000000000000000000000000e+00         
+0.000000000000000000000000000000e+00         
+0.000000000000000000000000000000e+00         
+0.000000000000000000000000000000e+00         
+0.000000000000000000000000000000e+00         
+0.000000000000000000000000000000e+00         
+0.000000000000000000000000000000e+00         
+0.000000000000000000000000000000e+00         
+0.000000000000000000000000000000e+00         
+0.000000000000000000000000000000e+00         
+0.000000000000000000000000000000e+00         
+0.000000000000000000000000000000e+00         
+0.000000000000000000000000000000e+00         
+0.000000000000000000000000000000e+00         
+0.000000000000000000000000000000e+00         
+0.000000000000000000000000000000e+00         
+0.000000000000000000000000000000e+00         
+0.000000000000000000000000000000e+00         
+0.000000000000000000000000000000e+00         
+0.000000000000000000000000000000e+00         
+0.000000000000000000000000000000e+00         
+0.000000000000000000000000000000e+00         
+0.000000000000000000000000000000e+00         
+0.000000000000000000000000000000e+00         
+0.000000000000000000000000000000e+00         
+0.000000000000000000000000000000e+00         
+0.000000000000000000000000000000e+00         
+0.000000000000000000000000000000e+00         
+0.000000000000000000000000000000e+00         
+0.000000000000000000000000000000e+00         
+0.000000000000000000000000000000e+00         
+0.000000000000000000000000000000e+00         
+0.000000000000000000000000000000e+00         
+0.000000000000000000000000000000e+00         
+0.000000000000000000000000000000e+00         
+0.000000000000000000000000000000e+00         
+0.000000000000000000000000000000e+00         
+0.000000000000000000000000000000e+00         
+0.000000000000000000000000000000e+00         
+0.000000000000000000000000000000e+00         
+0.000000000000000000000000000000e+00         
+0.000000000000000000000000000000e+00         
+0.000000000000000000000000000000e+00         
+0.000000000000000000000000000000e+00         
+0.000000000000000000000000000000e+00         
+0.000000000000000000000000000000e+00         
+0.000000000000000000000000000000e+00         
+0.000000000000000000000000000000e+00         
+0.000000000000000000000000000000e+00         
+0.000000000000000000000000000000e+00         
+0.000000000000000000000000000000e+00         
+0.000000000000000000000000000000e+00         
+0.000000000000000000000000000000e+00         
+0.000000000000000000000000000000e+00         
+0.000000000000000000000000000000e+00         
+0.000000000000000000000000000000e+00         
+0.000000000000000000000000000000e+00         
+0.000000000000000000000000000000e+00         
+0.000000000000000000000000000000e+00         
+0.000000000000000000000000000000e+00         
+0.000000000000000000000000000000e+00         
+0.000000000000000000000000000000e+00         
+0.000000000000000000000000000000e+00         
+0.000000000000000000000000000000e+00         
+0.000000000000000000000000000000e+00         
+0.000000000000000000000000000000e+00         
+0.000000000000000000000000000000e+00         
+0.000000000000000000000000000000e+00         
+0.000000000000000000000000000000e+00         
+0.000000000000000000000000000000e+00         
+0.000000000000000000000000000000e+00         
+0.000000000000000000000000000000e+00         
+0.000000000000000000000000000000e+00         
+0.000000000000000000000000000000e+00         
+0.000000000000000000000000000000e+00         
+0.000000000000000000000000000000e+00         
+0.000000000000000000000000000000e+00         
+0.000000000000000000000000000000e+00         
+0.000000000000000000000000000000e+00         
+0.000000000000000000000000000000e+00         
+0.000000000000000000000000000000e+00         
+0.000000000000000000000000000000e+00         
+0.000000000000000000000000000000e+00         
+0.000000000000000000000000000000e+00         
+0.000000000000000000000000000000e+00         
+0.000000000000000000000000000000e+00         
+0.000000000000000000000000000000e+00         
+0.000000000000000000000000000000e+00         
+0.000000000000000000000000000000e+00         
+0.000000000000000000000000000000e+00         
+0.000000000000000000000000000000e+00         
+0.000000000000000000000000000000e+00         
+0.000000000000000000000000000000e+00         
+0.000000000000000000000000000000e+00         
+0.000000000000000000000000000000e+00         
+0.000000000000000000000000000000e+00         
+0.000000000000000000000000000000e+00         
+0.000000000000000000000000000000e+00         
+0.000000000000000000000000000000e+00         
+0.000000000000000000000000000000e+00         
+0.000000000000000000000000000000e+00         
+0.000000000000000000000000000000e+00         
+0.000000000000000000000000000000e+00         
+0.000000000000000000000000000000e+00         
+0.000000000000000000000000000000e+00         
+0.000000000000000000000000000000e+00         
+0.000000000000000000000000000000e+00         
+0.000000000000000000000000000000e+00         
+0.000000000000000000000000000000e+00         
+0.000000000000000000000000000000e+00         
+0.000000000000000000000000000000e+00         
+0.000000000000000000000000000000e+00         
+0.000000000000000000000000000000e+00         
+0.000000000000000000000000000000e+00         
+0.000000000000000000000000000000e+00         

u:+1.100000000000000000000000000000e+00         ,+0.000000000000000000000000000000e+00         ,+0.000000000000000000000000000000e+00         ,+2.774600000000000000000000000000e+00         
,Initial energy:-1.439988748382646980647065500487e+01         
Energy Quadruple, 0,0,-0.000000000000000000000000000000e+00         
Jakobiarra
8.45633e-111,-4.97332e-255,2.28648e-238,-6.75339e+10,3.12701e+163,4.57214e+22,-1.75975e+209,-1.16661e-149,7.6111e-116,5.17649e+213,1.5232e+98,1.90097e-70,-1.57799e+176,2.09279e+266,2.82776e-157,-3.29107e+56,-3.02375e+154,1.43137e-130,-1.5951e-45,-4.66661e-208,5.29906e-254,-1.87987e-168,1.12319e-92,4.43337e+293,-3.68417e+229,5.07897e+237,-3.88562e+28,-9.01564e+68,-2.01305e-114,-8.0505e+132,9.2404e+64,-2.53693e+117,1.96079e+104,-5.46687e+29,-4.91879e+104,1.59903e+117,2.36388e+214,-1.08261e+48,-5.92992e-257,-5.67459e-270,7.59231e-214,3.2706e-274,-8.93608e+81,-2.09411e+81,2.12559e-139,-1.37156e-131,-4.96704e-252,877.784,3.98104e+181,2.94734e-170,7.98768e-230,3.65212e-146,-4.8646e-180,-6.44846e+179,-1.02927e+51,-2.9856e+67,4.07529e-103,-1.45859e-224,1.04151e-112,5.97306e-185,-1.24928e+29,-2.61308e-51,-1.06007e+120,-1.56846e-232,-6.06122e+125,-3.79527e-87,1.72236e-118,1.69952e-168,
Norma=9.1653144649786000286 ***********Energy Quadruple, 1,7,+1.069969440553134173957097976790e-34         
Jakobiarra
-1.06082e-99,-4.11295e+11,1.17826e+308,-1.52403e+74,4.49451e-214,-1.03355e-171,-8.41889e-09,1.74166e+297,-4.48488e-33,1.02169e-237,1.49385e+223,-1.13116e-55,-7.36638e-164,1.10357e-207,-1.25527e+302,-2.65512e-60,-1.06106e-101,2.59194e+84,7.70061e+67,-1.6738e+128,-2.08124e-297,3.76644e+286,8.23199e+52,-1.2671e-107,7.89289e+91,-3.77163e+28,-6.64517e-202,-1.06712e+156,4.05083e+305,-1.01485e-258,4.03708e+242,0.0158994,5.02088e-253,-1.22974e-162,-5.93814e-230,1.87321e-290,7787.62,1.65281e+79,3.43155e-112,-1.61391e+133,1.19329e-247,2.09431e+300,3.7308e+244,2.22856e+235,-1.51379e-44,3.51875e-248,4.42544e-269,-4.3008e-246,-4.63804e+118,3.35649e-101,-2.80472e+118,-6.95985e-235,-1.04688e-218,-3.33705e-247,-2.97892e+259,-4.99752e+138,3.70637e-293,-1.00377e+245,-2.47965e+306,1.7913e+224,-2.44842e-231,4.0369e-171,1.37903e+155,-7.3819e+166,-5.16328e-281,-1.81083e-53,6.51392e-266,6.18511e+246,
Norma=9.1653166965729528926 ***********Energy Quadruple, 2,3,-0.000000000000000000000000000000e+00         
Jakobiarra
-8.53292e-265,1.01562e-71,-1.25912e+177,8.86627e+253,1.74191e-144,1.88835e+260,3.59235e+59,1.80564e-286,4.82822e+76,6.60879e-112,-7.13898e+202,-1.11897e-267,5.55201e+204,-1.62472e+179,3.21706e+133,2.92008e-82,-4.31618e-288,-3.42931e-221,-1.18624e-293,-8.98347e+154,1.0341e+146,1.05082e+95,1.55982e+237,-3.65467e-12,-2.46186e+191,-3.71189e-299,-1.05444e+180,6.22203e+223,2.22399e-68,4.17276e-232,-1.44979e+12,-4.31081e+70,7.94559e-252,2.78966e+32,1.52979e+25,-7.47237e-268,1.23982e+146,-7.42714e-109,1.05503e-80,-2.76246e+82,-2.8559e+249,7.99097e+303,4.43256e+288,7.95305e+166,-1.98874e+197,3.46162e-294,-3.35776e-123,8.76667e+17,-7.6752e+220,-2.16478e-105,-3.74469e+199,1.27091e-23,1.45921e+228,1.18637e-108,2.9472e-194,3.72557e+298,4.34784e-58,-1.06421e+209,9.95725e-275,-7.80581e+174,1.25554e-246,3.57757e-221,1.11131e+35,-1.1752e+97,2.19924e+294,1.10765e+23,-7.65995e-175,1.86868e+40,
Norma=9.1653189761824176429 ***********Energy Quadruple, 3,3,+2.139938881106268347914195953580e-34         
Jakobiarra
8.92118e-196,3.13438e+158,-1.32616e+13,-5.04953e+116,1.09733e-38,-2.14824e-88,3.0627e+32,-3.14615e-82,-1.56452e-84,-7.41787e-296,-1.69429e-06,4.16749e+228,6.02912e+23,1.01967e-65,-1.26412e-242,4.6182e+227,-8.45097e-217,-2.33892e+116,8.00883e-142,-6.67639e+121,8.09908e+99,-2.13587e+97,-2.80177e+180,1.0265e-305,2.76265e-277,-1.08638e+225,6.8967e-170,-1.34989e-79,-3.55412e+16,-3.96066e-51,-2.4658e-123,1.58559e+114,7.56172e+99,4.54845e-125,3.4397e+86,1.03266e+74,1.15014e+166,-4.66484e+234,8.22481e+43,9.80398e+11,6.93708e-10,1.22055e+141,2.00885e-45,-2.64524e+77,4.73809e+117,2.07795e-301,2.92588e-119,-3.52541e-272,-1.25314e+240,-2.53949e-80,5.47996e+24,-1.03761e+21,8.18785e+249,1.22707e+247,-2.0219e-112,3.85158e-228,-4.48975e-263,-8.73918e-91,-6.5294e+307,1.14207e-209,-4.62049e-234,-5.81804e-271,-2.18221e+65,2.6767e-53,3.13519e-299,1.87912e+160,9.29679e-257,11.705,
Norma=9.1653212987825281033 ***********Energy Quadruple, 4,3,+4.279877762212536695828391907160e-34         
Jakobiarra
3.31343e+281,7.93143e+146,2.75717e-73,-1.41546e-192,3.95614e-267,5.05549e-228,-1.10296e-257,-2.86376e-179,5.85194e+290,-2.147e-165,2.87391e-71,-1.41597e+201,3.45293e+189,8.10265e-139,1.82836e-149,-2.08372e+126,-3.73586e-138,1.95185e+47,-8.2155e+95,-7.26739e-211,-4.69588e+79,9.89272e+295,3.61865e+138,-5.37557e+194,-1.35978e-237,3.86759e-59,1.20771e+251,6.03227e+52,-8.40067e+90,1.75905e-221,8.18608e-170,-5.63222e-210,-3.29659e+126,3.03513e+35,-1.99233e-237,2.04772e-253,-4.20098e-283,-6.29717e+93,1.69881e-121,-1.72792e-304,3.55813e+264,-2.30236e-125,-1.78307e+11,5.50929e+189,-6.82627e+275,1.21548e+08,9.75697e-307,1.63112e+33,-2.81421e+40,-1.19338e+194,2.90359e+99,9.18765e-85,2.01374e+09,2.58055e-16,1.02302e-110,-6.66739e-10,-2.87981e-293,-1.23449e+200,2.24259e+119,1.97073e+233,1.51812e-254,9.4816e+156,-1.99362e-48,-1.25428e-149,4.20064e+08,-3.32392e-15,3.15852e-64,1.66773e-59,
Norma=9.1653236586161721533 ***********Energy Quadruple, 5,3,+3.209908321659402521871293930370e-34         
Jakobiarra
-4.11926e-297,3.58149e+12,-6.21954e-207,2.71463e+65,1.6358e+267,3.17158e-46,4.12267e-52,2.67483e-266,1.83412e-87,-8.46585e-07,-1.88915e-124,-2.97284e-162,3.22511e-74,-5.86375e+130,1.07158e+108,1.09438e+136,1.85674e-35,1.9502e-121,8.27401e+114,2.87234e+57,-2.29906e-175,3.72487e-179,-3.74431e+271,-4.3298e-162,8.24841e+243,4.47419e+22,2.97073e+264,8.48589e+24,-2.28821e-64,1.28183e+289,-1.22971e+84,7.66507e+174,1.55228e-141,1.21909e-241,-4.60353e-266,1.20544e-280,8.32994e-278,2.32299e+70,2.43432e-119,-1.14582e-303,-3.75733e+141,-1.43697e+88,7.31261e-86,-2.08502e-07,5.04215e+50,1.24653e-234,6.68571e-73,-4.34891e-286,3.78534e-159,2.14694e-221,-2.0255e+18,-4.37908e+153,-7.25976e+80,-1.59321e+83,6.18524e-214,-9.01138e-186,1.0606e-19,1.23102e-190,-5.72673e-99,-3.773e-13,-2.83531e-157,4.3116e+219,1.03939e-301,2.25021e+42,-5.22534e-123,-2.09943e+246,-7.70454e+297,-5.55496e+203,
Norma=9.1653260491227346307 ***********Energy Quadruple, 6,3,+4.279877762212536695828391907160e-34         
Jakobiarra
2.8676e-64,3.03082e-302,-3.21966e+68,1.99538e+164,8.80596e+57,-8.03474e-139,-1.72247e+201,-4.5338e-176,-3.76161e-33,1.64723e-78,1.11735e-235,-7.89824e+262,2.44839e+15,1.27428e+166,2.06819e+201,8.66369e+44,8.34897e+58,-1.98373e+156,-1.99158e-113,-3.87969e+270,513.705,-1.29439e-107,3.03497e-276,-4.87416e-65,2.07463e+268,2.6403e-195,-2.11334e+103,3.32588e+78,1.942e-70,-6.85376e+08,-1.93661e-245,-2.43877e-40,-1.8708e-234,-1.17963e-132,-1.02647e-66,2.19867e+295,3.12758e+141,1.87387e+61,-2.86041e+73,5.21887e-228,6.54142e-152,-1.82416e+233,4.97886e+126,2.98376e-289,3.0667e-133,-2.11467e+12,8.9796e+62,-4.56666e-92,6.35337e+284,-9.72375e-78,3.00996e-95,-7.40678e-78,1.35027e-21,-0.00352024,-2.86141e+167,-1.83034e+49,-8.78028e-201,4.00762e-196,3.03069e-20,-2.27808e+24,-1.09985e-163,1.21751e-161,-4.87829e+130,2.07817e+79,1.27573e+250,8.09202e-209,4.88598e+151,5.36242e-292,
Norma=9.16532846286292191 ***********Energy Quadruple, 7,3,+4.279877762212536695828391907160e-34         
Jakobiarra
-1.82187e+180,2.0257e+214,-6.32538e+237,-1.76509e+98,-5.04987e-288,-4.31735e-126,5.72272e+287,4.68852e+10,-4.62685e-239,4.11768e-184,1.82404e+254,-4.87033e+234,-4.39403e+110,4.98618e+96,-2.01116e-261,-1.36353e-129,-2.88845e+150,7.84125e+42,2.50265e-180,-1.22265e+18,4.58946e+173,4.51963e+136,6.68026e-254,-2.67997e+88,1.70012e-122,7.087e+15,-6.72565e-63,-1.65561e-264,9.50736e-85,2.70815e-60,-6.06195e-21,1.097e-121,-1.57433e+271,-2.33712e-56,-7.94209e-269,-2.68951e+237,-1.61209e-65,1.16187e-190,-2.74346e-194,8.46446e-161,8.63956e+71,9.03436e-179,-1.26399e+129,1.04614e-113,1.0048e-306,-1.0115e+189,2.11751e-263,2.71563e+275,-2.86691e-135,3.42052e-264,7.26845e+282,-1.55088e+214,3.09089e+164,-6.68184e-211,8.62038e-232,3.60401e+192,3.0139e-184,-1.24139e+181,-1.51092e-243,8.25327e+141,-2.71036e-130,2.33277e+06,-9.92577e+275,-1.69652e+60,-9.55577e+148,1.45342e+192,-1.65292e+184,-7.61543e+307,
Norma=9.1653308914394298057 ***********Energy Quadruple, 8,3,+2.139938881106268347914195953580e-34         
Jakobiarra
-7.25068e+307,1.69491e+60,5.64708e-286,-5.66758e+103,1.8705e+173,-4.03673e+107,2.14242e+61,2.5483e-158,5.03532e-92,1.50201e+190,3.85467e+177,5.07805e-171,1.1012e+260,4.58359e+267,2.10273e+212,-2.90275e+233,-3.6028e-89,-2.96498e-24,-5.24464e-113,-1.50476e+167,-4.65864e+212,1.82752e+100,-2.25349e-275,5.01636e+169,-3.83718e+211,-6.49626e-288,-3.08982e+58,-6.56096e+120,2.23652e-62,-4.0162e+221,-1.03039e+49,-1.5644e+290,-1.99686e+285,-4.50644e-298,-1.12187e+263,2.57193e+257,8.13518e-74,-9.15823e+201,-1.38986e+151,3.20067e-164,2.52652e+166,1.47854e-17,-3.45618e+13,4.92025e+113,-6.08546e+21,-5.92537e-23,4.5928e+76,5.5018e-96,-1.05264e-259,1.02204e+215,1.19763e-152,-7.59249e+198,5.5005e+39,1.43638e+182,-8.10743e+179,2.15777e-84,9.44933e-241,-2.41604e-62,-3.68636e+285,4.85702e-222,1.3058e-87,4.7142e-39,2.96682e+221,-5.12862e+300,9.53248e+254,7.57076e+80,3.38345e-141,5.48727e-169,
Norma=9.1653333254137727693 ***********Energy Quadruple, 9,3,-0.000000000000000000000000000000e+00         
Jakobiarra
3.8983e-97,1.68704e+259,1.13747e+250,-4.68088e-254,3.00221e+106,5.623e+209,1.35673e+228,2.98567e+209,1.54542e-158,2.60005e-280,-1.32328e+73,-2.27785e+285,3.01239e+33,2.61288e+153,1.73817e+10,2.56254e+98,-3.7562e+07,-6.59276e+156,-2.85066e+120,-2.17497e+19,-5.03528e+70,-6.94031e+289,-3.92881e-126,7.74062e-56,1.9772e+296,2.06013e+36,-9.48922e+84,-2.52334e-71,-7.40522e-216,-2.03108e-123,6.94434e+164,3.98743e+169,4.38489e-246,3.0554e+265,-1.29167e+56,3.48439e+93,8.75175e+244,1.47426e-193,-2.35467e+268,-3.86361e-290,-1.20123e+153,2.61253e-212,3.91947e+245,-9.56859e-197,3.62387e+53,-1.60313e-49,2.87745e+256,-3.67722e+289,8.89714e+43,9.30509e+20,7.08778e+186,1.14778e+07,-7.53777e+18,-6.33253e+28,1.15873e+204,1.28073e+68,2.03739e-211,-1.64533e-151,-3.7037e+159,-1.10259e+105,1.00746e+189,-1.10712e+192,-1.6463e-202,3.362e-97,2.45268e+67,5.36383e-77,-1.37644,-2.55877e-93,
Norma=9.1653357542197095853 ***********Energy Quadruple, 10,3,-0.000000000000000000000000000000e+00         
End execution 
Execution Correct
convergence=0.  (=0 correct;=-1 incorrect)
u:+1.076684008329972798865241567535e+00         ,+8.310023858955203082715397746535e-02         ,-3.879268092772693655549702981926e-01         ,+2.699693387445976661932125918753e+00         
,Max-DE+4.279877762212536695828391907160e-34         

CPU time:0.017379
Elapsed wall clock time: 0
Elapsed wall clock time: 0

stepcount=10
nout=11
fixed-point iterations=34
max fixed-point iterations=7
deltaZero iterations=9

function ebaluations
fcn=544

Quality init

totmean=20
