Begin execution 
method=16, problem=1, algorithm=13
approximation=1,sampling=1
options.h=+2.604166666666666666666666666667e-03         
----------------
+0.000000000000000000000000000000e+00         
+0.000000000000000000000000000000e+00         
+0.000000000000000000000000000000e+00         
+0.000000000000000000000000000000e+00         
+0.000000000000000000000000000000e+00         
+0.000000000000000000000000000000e+00         
+0.000000000000000000000000000000e+00         
+0.000000000000000000000000000000e+00         
+0.000000000000000000000000000000e+00         
+0.000000000000000000000000000000e+00         
+0.000000000000000000000000000000e+00         
+0.000000000000000000000000000000e+00         
+0.000000000000000000000000000000e+00         
+0.000000000000000000000000000000e+00         
+0.000000000000000000000000000000e+00         
+0.000000000000000000000000000000e+00         
+0.000000000000000000000000000000e+00         
+0.000000000000000000000000000000e+00         
+0.000000000000000000000000000000e+00         
+0.000000000000000000000000000000e+00         
+0.000000000000000000000000000000e+00         
+0.000000000000000000000000000000e+00         
+0.000000000000000000000000000000e+00         
+0.000000000000000000000000000000e+00         
+0.000000000000000000000000000000e+00         
+0.000000000000000000000000000000e+00         
+0.000000000000000000000000000000e+00         
+0.000000000000000000000000000000e+00         
+0.000000000000000000000000000000e+00         
+0.000000000000000000000000000000e+00         
+0.000000000000000000000000000000e+00         
+0.000000000000000000000000000000e+00         
+0.000000000000000000000000000000e+00         
+0.000000000000000000000000000000e+00         
+0.000000000000000000000000000000e+00         
+0.000000000000000000000000000000e+00         
+0.000000000000000000000000000000e+00         
+0.000000000000000000000000000000e+00         
+0.000000000000000000000000000000e+00         
+0.000000000000000000000000000000e+00         
+0.000000000000000000000000000000e+00         
+0.000000000000000000000000000000e+00         
+0.000000000000000000000000000000e+00         
+0.000000000000000000000000000000e+00         
+0.000000000000000000000000000000e+00         
+0.000000000000000000000000000000e+00         
+0.000000000000000000000000000000e+00         
+0.000000000000000000000000000000e+00         
+0.000000000000000000000000000000e+00         
+0.000000000000000000000000000000e+00         
+0.000000000000000000000000000000e+00         
+0.000000000000000000000000000000e+00         
+0.000000000000000000000000000000e+00         
+0.000000000000000000000000000000e+00         
+0.000000000000000000000000000000e+00         
+0.000000000000000000000000000000e+00         
+0.000000000000000000000000000000e+00         
+0.000000000000000000000000000000e+00         
+0.000000000000000000000000000000e+00         
+0.000000000000000000000000000000e+00         
+0.000000000000000000000000000000e+00         
+0.000000000000000000000000000000e+00         
+0.000000000000000000000000000000e+00         
+0.000000000000000000000000000000e+00         
+0.000000000000000000000000000000e+00         
+0.000000000000000000000000000000e+00         
+0.000000000000000000000000000000e+00         
+0.000000000000000000000000000000e+00         
+0.000000000000000000000000000000e+00         
+0.000000000000000000000000000000e+00         
+0.000000000000000000000000000000e+00         
+0.000000000000000000000000000000e+00         
+0.000000000000000000000000000000e+00         
+0.000000000000000000000000000000e+00         
+0.000000000000000000000000000000e+00         
+0.000000000000000000000000000000e+00         
+0.000000000000000000000000000000e+00         
+0.000000000000000000000000000000e+00         
+0.000000000000000000000000000000e+00         
+0.000000000000000000000000000000e+00         
+0.000000000000000000000000000000e+00         
+0.000000000000000000000000000000e+00         
+0.000000000000000000000000000000e+00         
+0.000000000000000000000000000000e+00         
+0.000000000000000000000000000000e+00         
+0.000000000000000000000000000000e+00         
+0.000000000000000000000000000000e+00         
+0.000000000000000000000000000000e+00         
+0.000000000000000000000000000000e+00         
+0.000000000000000000000000000000e+00         
+0.000000000000000000000000000000e+00         
+0.000000000000000000000000000000e+00         
+0.000000000000000000000000000000e+00         
+0.000000000000000000000000000000e+00         
+0.000000000000000000000000000000e+00         
+0.000000000000000000000000000000e+00         
+0.000000000000000000000000000000e+00         
+0.000000000000000000000000000000e+00         
+0.000000000000000000000000000000e+00         
+0.000000000000000000000000000000e+00         
+0.000000000000000000000000000000e+00         
+0.000000000000000000000000000000e+00         
+0.000000000000000000000000000000e+00         
+0.000000000000000000000000000000e+00         
+0.000000000000000000000000000000e+00         
+0.000000000000000000000000000000e+00         
+0.000000000000000000000000000000e+00         
+0.000000000000000000000000000000e+00         
+0.000000000000000000000000000000e+00         
+0.000000000000000000000000000000e+00         
+0.000000000000000000000000000000e+00         
+0.000000000000000000000000000000e+00         
+0.000000000000000000000000000000e+00         
+0.000000000000000000000000000000e+00         
+0.000000000000000000000000000000e+00         
+0.000000000000000000000000000000e+00         
+0.000000000000000000000000000000e+00         
+0.000000000000000000000000000000e+00         
+0.000000000000000000000000000000e+00         
+0.000000000000000000000000000000e+00         
+0.000000000000000000000000000000e+00         
+0.000000000000000000000000000000e+00         
+0.000000000000000000000000000000e+00         
+0.000000000000000000000000000000e+00         
+0.000000000000000000000000000000e+00         
+0.000000000000000000000000000000e+00         
+0.000000000000000000000000000000e+00         
+0.000000000000000000000000000000e+00         
+0.000000000000000000000000000000e+00         
+0.000000000000000000000000000000e+00         
+0.000000000000000000000000000000e+00         
+0.000000000000000000000000000000e+00         
+0.000000000000000000000000000000e+00         
+0.000000000000000000000000000000e+00         
+0.000000000000000000000000000000e+00         
+0.000000000000000000000000000000e+00         
+0.000000000000000000000000000000e+00         
+0.000000000000000000000000000000e+00         
+0.000000000000000000000000000000e+00         
+0.000000000000000000000000000000e+00         
+0.000000000000000000000000000000e+00         
+0.000000000000000000000000000000e+00         
+0.000000000000000000000000000000e+00         
+0.000000000000000000000000000000e+00         
+0.000000000000000000000000000000e+00         
+0.000000000000000000000000000000e+00         
+0.000000000000000000000000000000e+00         
+0.000000000000000000000000000000e+00         
+0.000000000000000000000000000000e+00         
+0.000000000000000000000000000000e+00         
+0.000000000000000000000000000000e+00         
+0.000000000000000000000000000000e+00         
+0.000000000000000000000000000000e+00         
+0.000000000000000000000000000000e+00         
+0.000000000000000000000000000000e+00         
+0.000000000000000000000000000000e+00         
+0.000000000000000000000000000000e+00         
+0.000000000000000000000000000000e+00         
+0.000000000000000000000000000000e+00         
+0.000000000000000000000000000000e+00         
+0.000000000000000000000000000000e+00         
+0.000000000000000000000000000000e+00         
+0.000000000000000000000000000000e+00         
+0.000000000000000000000000000000e+00         
+0.000000000000000000000000000000e+00         
+0.000000000000000000000000000000e+00         
+0.000000000000000000000000000000e+00         
+0.000000000000000000000000000000e+00         
+0.000000000000000000000000000000e+00         
+0.000000000000000000000000000000e+00         
+0.000000000000000000000000000000e+00         
+0.000000000000000000000000000000e+00         
+0.000000000000000000000000000000e+00         
+0.000000000000000000000000000000e+00         
+0.000000000000000000000000000000e+00         
+0.000000000000000000000000000000e+00         
+0.000000000000000000000000000000e+00         
+0.000000000000000000000000000000e+00         
+0.000000000000000000000000000000e+00         
+0.000000000000000000000000000000e+00         
+0.000000000000000000000000000000e+00         
+0.000000000000000000000000000000e+00         
+0.000000000000000000000000000000e+00         
+0.000000000000000000000000000000e+00         
+0.000000000000000000000000000000e+00         
+0.000000000000000000000000000000e+00         
+0.000000000000000000000000000000e+00         
+0.000000000000000000000000000000e+00         
+0.000000000000000000000000000000e+00         
+0.000000000000000000000000000000e+00         
+0.000000000000000000000000000000e+00         
+0.000000000000000000000000000000e+00         
+0.000000000000000000000000000000e+00         
+0.000000000000000000000000000000e+00         
+0.000000000000000000000000000000e+00         
+0.000000000000000000000000000000e+00         
+0.000000000000000000000000000000e+00         
+0.000000000000000000000000000000e+00         
+0.000000000000000000000000000000e+00         
+0.000000000000000000000000000000e+00         
+0.000000000000000000000000000000e+00         
+0.000000000000000000000000000000e+00         
+0.000000000000000000000000000000e+00         
+0.000000000000000000000000000000e+00         
+0.000000000000000000000000000000e+00         
+0.000000000000000000000000000000e+00         
+0.000000000000000000000000000000e+00         
+0.000000000000000000000000000000e+00         
+0.000000000000000000000000000000e+00         
+0.000000000000000000000000000000e+00         
+0.000000000000000000000000000000e+00         
+0.000000000000000000000000000000e+00         
+0.000000000000000000000000000000e+00         
+0.000000000000000000000000000000e+00         
+0.000000000000000000000000000000e+00         
+0.000000000000000000000000000000e+00         
+0.000000000000000000000000000000e+00         
+0.000000000000000000000000000000e+00         
+0.000000000000000000000000000000e+00         
+0.000000000000000000000000000000e+00         
+0.000000000000000000000000000000e+00         
+0.000000000000000000000000000000e+00         
+0.000000000000000000000000000000e+00         
+0.000000000000000000000000000000e+00         
+0.000000000000000000000000000000e+00         
+0.000000000000000000000000000000e+00         
+0.000000000000000000000000000000e+00         
+0.000000000000000000000000000000e+00         
+0.000000000000000000000000000000e+00         
+0.000000000000000000000000000000e+00         
+0.000000000000000000000000000000e+00         
+0.000000000000000000000000000000e+00         
+0.000000000000000000000000000000e+00         
+0.000000000000000000000000000000e+00         
+0.000000000000000000000000000000e+00         
+0.000000000000000000000000000000e+00         
+0.000000000000000000000000000000e+00         
+0.000000000000000000000000000000e+00         
+0.000000000000000000000000000000e+00         
+0.000000000000000000000000000000e+00         
+0.000000000000000000000000000000e+00         
+0.000000000000000000000000000000e+00         
+0.000000000000000000000000000000e+00         
+0.000000000000000000000000000000e+00         
+0.000000000000000000000000000000e+00         
+0.000000000000000000000000000000e+00         
+0.000000000000000000000000000000e+00         
+0.000000000000000000000000000000e+00         
+0.000000000000000000000000000000e+00         
+0.000000000000000000000000000000e+00         
+0.000000000000000000000000000000e+00         
+0.000000000000000000000000000000e+00         
+0.000000000000000000000000000000e+00         
+0.000000000000000000000000000000e+00         
+0.000000000000000000000000000000e+00         
+0.000000000000000000000000000000e+00         

u:+1.100000000000000000000000000000e+00         ,+0.000000000000000000000000000000e+00         ,+0.000000000000000000000000000000e+00         ,+2.774600000000000000000000000000e+00         
,Initial energy:-1.439988748382646980647065500487e+01         
Energy Quadruple, 0,0,-0.000000000000000000000000000000e+00         
Jakobiarra

Norma=9.1653144649786000286 ***********Energy Quadruple, 1,7,+1.069969440553134173957097976790e-34         
Jakobiarra

Norma=9.1653166965729528926 ***********Energy Quadruple, 2,3,-0.000000000000000000000000000000e+00         
Jakobiarra

Norma=9.1653189761824176429 ***********Energy Quadruple, 3,3,+2.139938881106268347914195953580e-34         
Jakobiarra

Norma=9.1653212987825281033 ***********Energy Quadruple, 4,3,+4.279877762212536695828391907160e-34         
Jakobiarra

Norma=9.1653236586161721533 ***********Energy Quadruple, 5,3,+3.209908321659402521871293930370e-34         
Jakobiarra

Norma=9.1653260491227346307 ***********Energy Quadruple, 6,3,+4.279877762212536695828391907160e-34         
Jakobiarra

Norma=9.16532846286292191 ***********Energy Quadruple, 7,3,+4.279877762212536695828391907160e-34         
Jakobiarra

Norma=9.1653308914394298057 ***********Energy Quadruple, 8,3,+2.139938881106268347914195953580e-34         
Jakobiarra

Norma=9.1653333254137727693 ***********Energy Quadruple, 9,3,-0.000000000000000000000000000000e+00         
Jakobiarra

Norma=9.1653357542197095853 ***********Energy Quadruple, 10,3,-0.000000000000000000000000000000e+00         
End execution 
Execution Correct
convergence=0.  (=0 correct;=-1 incorrect)
u:+1.076684008329972798865241567535e+00         ,+8.310023858955203082715397746535e-02         ,-3.879268092772693655549702981926e-01         ,+2.699693387445976661932125918753e+00         
,Max-DE+4.279877762212536695828391907160e-34         

CPU time:0.013186
Elapsed wall clock time: 0
Elapsed wall clock time: 0

stepcount=10
nout=11
fixed-point iterations=34
max fixed-point iterations=7
deltaZero iterations=9

function ebaluations
fcn=544

Quality init

totmean=20
