1.1,-0.0034374832154549654,2.7746,2.7746
1.1000005448980161,-0.0034374849182529513,2.7746013744309415,2.7746013744309415
1.0999996664863425,-0.003437482173229874,2.7745991587572774,2.7745991587572774
1.1000002059459313,-0.003437483859032858,2.774600519470528,2.774600519470528
1.0999996912502727,-0.0034374822506167786,2.774599221220915,2.774599221220915
1.0999996494609336,-0.0034374821200257315,2.7745991158130057,2.7745991158130057
1.1000005342586487,-0.0034374848850050902,2.7746013475945874,2.7746013475945874
1.0999994172422172,-0.0034374813943457857,2.7745985300729594,2.7745985300729594
1.1000001053152293,-0.0034374835445634493,2.774600265643304,2.774600265643304
1.0999990081075168,-0.00343748011580609,2.774597498086469,2.774597498086469
1.10000065223695,-0.003437485253685482,2.774601645178765,2.774601645178765
1.0999999480245877,-0.0034374830530325942,2.7745998688991094,2.7745998688991094
1.0999993547954245,-0.003437481199200512,2.7745983725594408,2.7745983725594408
1.0999990444365755,-0.003437480229333844,2.774597589721566,2.774597589721566
1.0999999000599099,-0.0034374829031437086,2.774599747914751,2.774599747914751
1.0999999100516986,-0.003437482934367896,2.7745997731176755,2.7745997731176755
1.099999064041959,-0.003437480290600368,2.774597639173472,2.774597639173472
1.0999990525156111,-0.0034374802545807073,2.7745976100998315,2.7745976100998315
1.1000002296977223,-0.003437483933256842,2.7746005793811817,2.7746005793811817
1.100000127014706,-0.003437483612373983,2.774600320377275,2.774600320377275
1.0999994276007399,-0.003437481426716011,2.7745985562009206,2.7745985562009206
1.1000007591362377,-0.0034374855877441247,2.774601914817641,2.774601914817641
1.1000007555159803,-0.003437485576430876,2.7746019056860356,2.7746019056860356
1.0999994398610646,-0.0034374814650293393,2.7745985871259182,2.7745985871259182
1.099999040803383,-0.003437480217980173,2.774597580557333,2.774597580557333
1.099998986776321,-0.0034374800491464284,2.774597444281436,2.774597444281436
1.0999999825482745,-0.003437483160918589,2.7745999559804018,2.7745999559804018
1.1000000655847264,-0.0034374834204062344,2.774600165428529,2.774600165428529
1.099999180914981,-0.003437480655826779,2.7745979339697326,2.7745979339697326
1.0999998557263586,-0.003437482764602037,2.774599636089413,2.774599636089413
1.1000000499056355,-0.003437483371409314,2.7746001258801596,2.7746001258801596
1.0999989752718335,-0.003437480013195081,2.7745974152629356,2.7745974152629356
1.1000008232031646,-0.0034374857879522934,2.7746020764177275,2.7746020764177275
1.0999998751772344,-0.003437482825385727,2.774599685151595,2.774599685151595
1.1000000603782865,-0.0034374834041361888,2.774600152295994,2.774600152295994
1.0999998913844744,-0.0034374828760331045,2.7745997260321476,2.7745997260321476
1.1000003239509064,-0.0034374842277966043,2.774600817121986,2.774600817121986
1.099999880439484,-0.0034374828418301763,2.7745996984249013,2.7745996984249013
1.0999998052400455,-0.003437482606833079,2.774599508744573,2.774599508744573
1.1000007238949019,-0.003437485477615488,2.774601825926177,2.774601825926177
1.1000004642345367,-0.0034374846661808086,2.774601170968314,2.774601170968314
1.099999805873251,-0.0034374826088118364,2.7745995103417473,2.7745995103417473
1.1000001487581894,-0.003437483680322037,2.774600375222247,2.774600375222247
1.099999792452213,-0.0034374825668712972,2.7745994764890085,2.7745994764890085
1.099999157748152,-0.003437480583430792,2.7745978755345657,2.7745978755345657
1.0999992239649339,-0.0034374807903572242,2.774598042557368,2.774598042557368
1.0999989616488528,-0.0034374799706234738,2.774597380900824,2.774597380900824
1.0999990708796845,-0.0034374803119681563,2.774597656420702,2.774597656420702
1.10000006773736,-0.0034374834271331815,2.7746001708582533,2.7746001708582533
1.0999999331567025,-0.00343748300657068,2.7745998313968965,2.7745998313968965
1.099999405616503,-0.0034374813580156064,2.774598500748681,2.774598500748681
1.0999999856979448,-0.003437483170761261,2.774599963925016,2.774599963925016
1.1000006701190648,-0.0034374853095668176,2.7746016902839608,2.7746016902839608
1.1000009831278839,-0.0034374862877146004,2.7746024798060236,2.7746024798060236
1.1000004141826034,-0.0034374845097692804,2.774601044719137,2.774601044719137
1.1000008540274067,-0.0034374858842775792,2.7746021541676744,2.7746021541676744
1.1000009158709534,-0.0034374860775377193,2.774602310159588,2.774602310159588
1.1000007547218922,-0.0034374855739493625,2.7746019036830565,2.7746019036830565
1.1000007618840737,-0.0034374855963310697,2.774601921748682,2.774601921748682
1.0999998101848736,-0.003437482622285591,2.774599521217227,2.774599521217227
1.0999994031635962,-0.0034374813503503104,2.774598494561558,2.774598494561558
1.0999998029239868,-0.0034374825995954305,2.77459950290263,2.77459950290263
1.0999995369066606,-0.0034374817682953454,2.7745988319102,2.7745988319102
1.0999991590967606,-0.0034374805876451727,2.774597878936247,2.774597878936247
1.1000004523721547,-0.0034374846291110456,2.774601141047073,2.774601141047073
1.0999994412459901,-0.0034374814693572103,2.774598590619204,2.774598590619204
1.0999989575735853,-0.0034374799578883253,2.774597370621518,2.774597370621518
1.1000005099371262,-0.003437484809000703,2.774601286246863,2.774601286246863
1.0999998175949957,-0.00343748264544211,2.7745995399082495,2.7745995399082495
1.099999095864157,-0.0034374803900442514,2.774597719440627,2.774597719440627
1.0999993562461725,-0.0034374812037340765,2.7745983762187545,2.7745983762187545
1.100000889031486,-0.0034374859936647933,2.7746022424606918,2.7746022424606918
1.1000003575291315,-0.0034374843327280454,2.77460090181848,2.77460090181848
1.100000639302098,-0.0034374852132642666,2.7746016125523645,2.7746016125523645
1.099999924011425,-0.003437482977991828,2.7745998083291816,2.7745998083291816
1.0999991724611933,-0.0034374806294088216,2.774597912646206,2.774597912646206
1.1000001057870248,-0.003437483546037803,2.774600266833344,2.774600266833344
1.1000005849851013,-0.0034374850435244806,2.7746014755451474,2.7746014755451474
1.1000003755456524,-0.0034374843890293987,2.7746009472626976,2.7746009472626976
1.0999989950985907,-0.0034374800751533945,2.7745974652732266,2.7745974652732266
1.100000383686385,-0.003437484414469064,2.774600967796585,2.774600967796585
1.1000004272745951,-0.003437484550681555,2.774601077741901,2.774601077741901
1.0999997227667844,-0.0034374823491053965,2.7745993007170178,2.7745993007170178
1.0999996854247422,-0.0034374822324120848,2.774599206526809,2.774599206526809
1.099999312432794,-0.0034374810668179375,2.7745982657054817,2.7745982657054817
1.0999997176372984,-0.0034374823330758316,2.774599287778589,2.774599287778589
1.0999995066514967,-0.0034374816737484204,2.774598755595675,2.774598755595675
1.0999995694583289,-0.0034374818700188127,2.7745989140173446,2.7745989140173446
1.1000000047140395,-0.0034374832301862666,2.7746000118905214,2.7746000118905214
1.1000010379774352,-0.0034374864591186116,2.7746026181565373,2.7746026181565373
1.0999996410619828,-0.0034374820937791385,2.7745990946277974,2.7745990946277974
1.0999989990815993,-0.003437480087600236,2.774597475319823,2.774597475319823
1.0999993506912342,-0.0034374811863749793,2.77459836220718,2.77459836220718
1.0999991261165865,-0.0034374804845826315,2.774597795748255,2.774597795748255
1.0999992459787815,-0.0034374808591501626,2.774598098084297,2.774598098084297
1.1000000235846565,-0.0034374832891566572,2.77460005948908,2.77460005948908
1.1000010344424904,-0.0034374864480719632,2.7746026092401213,2.7746026092401213
1.0999994522388812,-0.0034374815037098265,2.7745986183472717,2.7745986183472717
1.0999990196835414,-0.0034374801519809904,2.7745975272854126,2.7745975272854126
1.099999980407243,-0.003437483154227898,2.7745999505799417,2.7745999505799417
1.100000565069212,-0.0034374849812876303,2.774601425310032,2.774601425310032
1.1000000077772314,-0.0034374832397586945,2.7746000196170053,2.7746000196170053
1.0999998862197409,-0.0034374828598933913,2.7745997130048115,2.7745997130048115
1.1000004451833463,-0.0034374846066461294,2.7746011229142837,2.7746011229142837
1.100001004160424,-0.003437486353440968,2.774602532857738,2.774602532857738
1.1000002971613145,-0.003437484144079539,2.7746007495488936,2.7746007495488936
1.1000004495881812,-0.0034374846204111714,2.7746011340248793,2.7746011340248793
1.0999992594854437,-0.0034374809013582763,2.774598132153011,2.774598132153011
1.1000001925659255,-0.003437483817220544,2.774600485721288,2.774600485721288
1.0999999254645134,-0.003437482982532707,2.774599811994399,2.774599811994399
1.0999998809199003,-0.003437482843331471,2.7745996996366866,2.7745996996366866
1.0999997536721042,-0.0034374824456840495,2.774599378671473,2.774599378671473
1.0999997507034678,-0.0034374824364071057,2.774599371183492,2.774599371183492
1.1000001225116114,-0.003437483598301881,2.774600309018833,2.774600309018833
1.0999998560196518,-0.0034374827655185734,2.7745996368292047,2.7745996368292047
1.099999749528139,-0.0034374824327342217,2.774599368218886,2.774599368218886
1.1000005517487221,-0.003437484939661303,2.774601391710913,2.774601391710913
1.100000882707038,-0.0034374859739009895,2.774602226508134,2.774602226508134
1.0999992336850626,-0.0034374808207324786,2.7745980670750674,2.7745980670750674
1.0999992014379227,-0.0034374807199606585,2.7745979857360545,2.7745979857360545
1.100000331873596,-0.0034374842525548887,2.7746008371058903,2.7746008371058903
1.1000003039700776,-0.00343748416535682,2.7746007667230703,2.7746007667230703
1.1000003117590622,-0.0034374841896972776,2.7746007863697217,2.7746007863697217
1.0999993696160675,-0.003437481245514795,2.7745984099424916,2.7745984099424916
1.0999993142118358,-0.003437481072377416,2.774598270192872,2.774598270192872
1.0999997498387226,-0.00343748243370479,2.7745993690022903,2.7745993690022903
1.1000001931484242,-0.0034374838190408433,2.774600487190561,2.774600487190561
1.1000001762480769,-0.003437483766227516,2.77460044456174,2.77460044456174
1.0999998631492034,-0.0034374827877983144,2.774599654812527,2.774599654812527
1.0999995450338935,-0.0034374817936928246,2.774598852410037,2.774598852410037
1.099999842076884,-0.0034374827219476375,2.7745996016604746,2.7745996016604746
1.1000004381251907,-0.003437484584589501,2.774601105111049,2.774601105111049
1.100000791733287,-0.0034374856896094057,2.774601997039252,2.774601997039252
1.099999808023999,-0.0034374826155328915,2.774599515766716,2.774599515766716
1.1000003100815408,-0.0034374841844550487,2.7746007821384024,2.7746007821384024
1.0999994588366178,-0.003437481524327653,2.7745986349891627,2.7745986349891627
1.1000009538278908,-0.0034374861961525695,2.7746024059007866,2.7746024059007866
1.1000000036475308,-0.0034374832268534434,2.774600009200399,2.774600009200399
1.1000003138955219,-0.0034374841963736814,2.7746007917586497,2.7746007917586497
1.1000007556515485,-0.0034374855768545243,2.774601906027988,2.774601906027988
1.1000004082564505,-0.0034374844912501436,2.774601029771225,2.774601029771225
1.099999454170934,-0.0034374815097474626,2.774598623220612,2.774598623220612
1.1000003232939553,-0.003437484225743642,2.774600815464916,2.774600815464916
1.1000009884830761,-0.003437486304449495,2.774602493313766,2.774602493313766
1.100000580401902,-0.0034374850292020523,2.7746014639846517,2.7746014639846517
1.1000003005069827,-0.0034374841545347003,2.7746007579878853,2.7746007579878853
1.0999994262795287,-0.003437481422587247,2.774598552868346,2.774598552868346
1.0999996235371667,-0.0034374820390143555,2.7745990504238387,2.7745990504238387
1.0999994460536895,-0.003437481484381197,2.7745986027459697,2.7745986027459697
1.1000002853895487,-0.00343748410729295,2.7746007198562195,2.7746007198562195
1.1000006062913164,-0.003437485110106077,2.774601529287169,2.774601529287169
1.0999990414271095,-0.003437480219929309,2.774597582130598,2.774597582130598
1.0999996246791284,-0.0034374820425829684,2.7745990533042812,2.7745990533042812
1.1000004070852352,-0.003437484487590113,2.7746010268169936,2.7746010268169936
1.099999912591136,-0.003437482942303599,2.7745997795230597,2.7745997795230597
1.099999095154265,-0.0034374803878258506,2.7745977176500216,2.7745977176500216
1.0999991185602132,-0.0034374804609690808,2.7745977766883336,2.7745977766883336
1.0999995226973671,-0.0034374817238915206,2.774598796069195,2.774598796069195
1.1000000916155839,-0.0034374835017522668,2.7746002310878173,2.7746002310878173
1.0999989827012104,-0.0034374800364117704,2.774597434002526,2.774597434002526
1.1000004095335518,-0.003437484495241066,2.774601032992539,2.774601032992539
1.0999996402400125,-0.0034374820912104935,2.774599092554489,2.774599092554489
1.1000010447505637,-0.0034374864802845352,2.774602635240831,2.774602635240831
1.1000006814924348,-0.0034374853451084255,2.774601718971736,2.774601718971736
1.099999964244239,-0.0034374831037187574,2.7745999098109686,2.7745999098109686
1.1000005267484971,-0.003437484861535981,2.7746013286512543,2.7746013286512543
1.0999993712023772,-0.0034374812504719887,2.7745984139437416,2.7745984139437416
1.0999991469713906,-0.003437480549753577,2.7745978483516547,2.7745978483516547
1.0999993946156499,-0.003437481323638108,2.774598473000529,2.774598473000529
1.1000008229319025,-0.003437485787104604,2.774602075733506,2.774602075733506
1.1000004097917653,-0.0034374844960479785,2.774601033643847,2.774601033643847
1.0999998189860618,-0.0034374826497891703,2.7745995434170245,2.7745995434170245
1.0999995806544158,-0.003437481905006413,2.7745989422579473,2.7745989422579473
1.0999991353814058,-0.003437480513535051,2.7745978191174983,2.7745978191174983
1.100000791871221,-0.003437485690040447,2.774601997387172,2.774601997387172
1.0999991658727497,-0.0034374806088200358,2.7745978960277555,2.7745978960277555
1.099998985709396,-0.003437480045812304,2.7745974415902634,2.7745974415902634
1.0999997246872855,-0.0034374823551069334,2.77459930556122,2.77459930556122
1.0999997507930912,-0.0034374824366871777,2.7745993714095554,2.7745993714095554
1.1000004910337875,-0.0034374847499280587,2.7746012385657695,2.7746012385657695
1.1000002575527903,-0.0034374840203035047,2.7746006496417923,2.7746006496417923
1.09999898075688,-0.003437480030335767,2.774597429098217,2.774597429098217
1.1000006223350463,-0.003437485160242489,2.77460156975529,2.77460156975529
1.0999995179986364,-0.003437481709208058,2.7745987842172872,2.7745987842172872
1.100000142181942,-0.0034374836597713646,2.7746003586345602,2.7746003586345602
1.099999651162206,-0.0034374821253421823,2.7745991201042335,2.7745991201042335
1.0999990627944318,-0.0034374802867018646,2.774597636026755,2.774597636026755
1.0999998903658552,-0.003437482872849936,2.7745997234628197,2.7745997234628197
1.0999995339826922,-0.003437481759157989,2.7745988245348885,2.7745988245348885
1.0999990346611124,-0.003437480198785671,2.7745975650642927,2.7745975650642927
1.1000006108439573,-0.0034374851243330106,2.774601540770585,2.774601540770585
1.1000002282413512,-0.0034374839287057055,2.7746005757076846,2.7746005757076846
1.1000006439668166,-0.003437485227841441,2.774601624318481,2.774601624318481
1.100000454444015,-0.0034374846355855774,2.7746011462730578,2.7746011462730578
1.09999932692484,-0.00343748111210536,2.7745983022596916,2.7745983022596916
1.1000009803865718,-0.0034374862791480424,2.774602472891438,2.774602472891438
1.099999696263684,-0.0034374822662836123,2.7745992338665615,2.7745992338665615
1.0999995627011938,-0.003437481848902868,2.774598896973393,2.774598896973393
1.1000006304507657,-0.0034374851856039884,2.774601590226086,2.774601590226086
1.1000006187570508,-0.0034374851490613077,2.7746015607302845,2.7746015607302845
1.1000010454244185,-0.003437486482390321,2.774602636940537,2.774602636940537
1.1000003124881739,-0.00343748419197574,2.774600788208806,2.774600788208806
1.1000003594362695,-0.0034374843386878228,2.7746009066289754,2.7746009066289754
1.0999998242517783,-0.0034374826662444537,2.774599556699076,2.774599556699076
1.1000004114578428,-0.0034374845012544457,2.7746010378463004,2.7746010378463004
1.1000000330917465,-0.003437483318866168,2.774600083469418,2.774600083469418
1.1000006326482714,-0.0034374851924711598,2.7746015957689942,2.7746015957689942
1.1000007412441606,-0.0034374855318316565,2.774601869687316,2.774601869687316
1.10000104709149,-0.003437486487599894,2.774602641145498,2.774602641145498
1.100000224832519,-0.003437483918053156,2.7746005671093696,2.7746005671093696
1.0999997447289138,-0.0034374824177367154,2.774599356113494,2.774599356113494
1.0999996260485168,-0.0034374820468622857,2.7745990567583765,2.7745990567583765
1.1000000771473248,-0.003437483456539178,2.7746001945936065,2.7746001945936065
1.1000001158053303,-0.0034374835773448554,2.774600292103154,2.774600292103154
1.100000181423422,-0.00343748378240039,2.7746004576158416,2.7746004576158416
1.1000004109284387,-0.003437484499600066,2.774601036510951,2.774601036510951
1.0999989523644018,-0.0034374799416097062,2.7745973574820626,2.7745973574820626
1.0999993022890755,-0.003437481035118972,2.7745982401193348,2.7745982401193348
1.0999993642409556,-0.0034374812287176516,2.7745983963845045,2.7745983963845045
1.100000882037026,-0.0034374859718072125,2.77460222481812,2.77460222481812
1.1000010143698817,-0.0034374863853453676,2.7746025586097036,2.7746025586097036
1.099999723689792,-0.0034374823519897815,2.774599303045179,2.774599303045179
1.1000001301767757,-0.003437483622255403,2.774600328353165,2.774600328353165
1.0999998878305657,-0.0034374828649271945,2.7745997170678973,2.7745997170678973
1.1000001453027106,-0.003437483669523719,2.7746003665062733,2.7746003665062733
1.1000009253100105,-0.003437486107034629,2.7746023339683226,2.7746023339683226
1.0999999518807533,-0.0034374830650830534,2.7745998786257617,2.7745998786257617
1.100000258808823,-0.0034374840242285877,2.7746006528099634,2.7746006528099634
1.0999999910845049,-0.0034374831875941788,2.774599977511879,2.774599977511879
1.0999990628664549,-0.003437480286926936,2.774597636208423,2.774597636208423
1.100000864562733,-0.0034374859172003136,2.774602180741599,2.774602180741599
1.0999990408077644,-0.003437480217993865,2.7745975805683845,2.7745975805683845
1.1000003705847763,-0.003437484373526736,2.7746009347495635,2.7746009347495635
1.099999347385939,-0.0034374811760459825,2.774598353870024,2.774598353870024
1.099999943011816,-0.0034374830373677594,2.7745998562550764,2.7745998562550764
1.1000003988666318,-0.003437484461907103,2.7746010060866872,2.7746010060866872
1.0999994727869415,-0.0034374815679222024,2.7745986701769527,2.7745986701769527
1.1000010256057975,-0.0034374864204574323,2.7746025869507682,2.7746025869507682
1.100000556901574,-0.0034374849557638866,2.7746014047082794,2.7746014047082794
1.100000791130343,-0.003437485687725216,2.7746019955184087,2.7746019955184087
1.0999993597323885,-0.0034374812146284487,2.774598385012259,2.774598385012259
1.100001007584273,-0.0034374863641404435,2.7746025414939304,2.7746025414939304
1.0999994454867537,-0.0034374814826095314,2.7745986013159514,2.7745986013159514
1.0999993904054957,-0.003437481310481441,2.774598462380989,2.774598462380989
1.1000009926799834,-0.0034374863175647657,2.7746025038998923,2.7746025038998923
1.0999997299897213,-0.003437482371676964,2.774599318935891,2.774599318935891
1.1000009486768916,-0.003437486180055776,2.774602392908094,2.774602392908094
1.0999990203560988,-0.003437480154082722,2.7745975289818468,2.7745975289818468
1.1000006338480612,-0.003437485196220485,2.7746015987953005,2.7746015987953005
1.1000008902688574,-0.00343748599753156,2.774602245581792,2.774602245581792
1.1000003521506196,-0.0034374843159202784,2.7746008882519173,2.7746008882519173
1.0999997605953507,-0.0034374824673190888,2.7745993961344175,2.7745993961344175
1.1000007727714083,-0.003437485630353825,2.774601949210499,2.774601949210499
1.1000003464456982,-0.0034374842980924854,2.7746008738620307,2.7746008738620307
1.099998983693492,-0.003437480039512635,2.7745974365054202,2.7745974365054202
1.100000537874047,-0.0034374848963031543,2.7746013567139363,2.7746013567139363
1.0999991407849459,-0.0034374805304210315,2.774597832747191,2.774597832747191
1.099999339800656,-0.003437481152342089,2.774598334737182,2.774598334737182
1.1000001885000952,-0.003437483804514886,2.7746004754657854,2.7746004754657854
1.1000002398816235,-0.0034374839650813784,2.774600605068684,2.774600605068684
1.1000006070451325,-0.0034374851124617414,2.7746015311885674,2.7746015311885674
1.0999990537176698,-0.0034374802583371222,2.7745976131318604,2.7745976131318604
1.1000002173606391,-0.003437483894703646,2.774600548262572,2.774600548262572
1.1000002642400377,-0.003437484041201051,2.7746006665094622,2.7746006665094622
1.100000397158609,-0.003437484456569558,2.774601001778433,2.774601001778433
1.1000004149473799,-0.003437484512159196,2.774601046648182,2.774601046648182
1.1000001870018357,-0.003437483799832848,2.7746004716866297,2.7746004716866297
1.1000002463851097,-0.003437483985404674,2.774600621472841,2.774600621472841
1.0999989517432158,-0.0034374799396685095,2.7745973559152057,2.7745973559152057
1.100000027148934,-0.0034374833002949697,2.774600068479484,2.774600068479484
1.0999991574814276,-0.003437480582597282,2.77459787486179,2.77459787486179
1.0999994694462234,-0.0034374815574825086,2.774598661750446,2.774598661750446
1.099999608081662,-0.003437481990716139,2.7745990114394354,2.7745990114394354
1.0999992615952172,-0.003437480907951286,2.7745981374746265,2.7745981374746265
1.1000005561683446,-0.0034374849534725554,2.7746014028588077,2.7746014028588077
1.1000004288377703,-0.0034374845555664537,2.7746010816847972,2.7746010816847972
1.1000002038837389,-0.003437483852588538,2.7746005142689283,2.7746005142689283
1.1000000469002948,-0.003437483362017671,2.774600118299598,2.774600118299598
1.1000010109762608,-0.0034374863747403538,2.774602550049757,2.774602550049757
1.1000009947923601,-0.003437486324165911,2.7746025092280746,2.7746025092280746
1.0999999138234882,-0.0034374829461546806,2.7745997826315003,2.7745997826315003
1.0999992341372784,-0.0034374808221456464,2.7745980682157203,2.7745980682157203
1.1000006985610247,-0.003437485398447508,2.7746017620249264,2.7746017620249264
1.099999506303239,-0.003437481672660121,2.774598754717243,2.774598754717243
1.0999995763616839,-0.0034374818915916916,2.7745989314301163,2.7745989314301163
1.0999990360597642,-0.003437480203156437,2.7745975685922017,2.7745975685922017
1.1000000256189775,-0.003437483295513879,2.774600064620377,2.774600064620377
1.1000003762149213,-0.0034374843911208534,2.7746009489508365,2.7746009489508365
1.1000002827894777,-0.003437484099167768,2.774600713297895,2.774600713297895
1.0999990758225433,-0.0034374803274145145,2.774597668888389,2.774597668888389
1.1000007657599082,-0.003437485608442994,2.7746019315249466,2.7746019315249466
1.0999994317204198,-0.0034374814395899483,2.7745985665922515,2.7745985665922515
1.100001011385697,-0.0034374863760198355,2.7746025510825043,2.7746025510825043
1.0999992943382058,-0.0034374810102726257,2.7745982200643504,2.7745982200643504
1.099999333406512,-0.003437481132360486,2.7745983186088248,2.7745983186088248
1.0999993193932684,-0.003437481088569314,2.7745982832623293,2.7745982832623293
1.0999994063683396,-0.003437481360365084,2.774598502645086,2.774598502645086
1.099999700887184,-0.0034374822807319793,2.7745992455287096,2.7745992455287096
1.100000024774535,-0.003437483292875009,2.7746000624903857,2.7746000624903857
1.1000000223809416,-0.003437483285395066,2.774600056452873,2.774600056452873
1.100000946613933,-0.003437486173609062,2.774602387704562,2.774602387704562
1.0999992048791054,-0.003437480730714302,2.774597994415969,2.774597994415969
1.0999991613654228,-0.003437480594734708,2.774597884658638,2.774597884658638
1.0999995778909053,-0.003437481896370485,2.7745989352873686,2.7745989352873686
1.0999994580650525,-0.003437481521916523,2.7745986330429946,2.7745986330429946
1.100000772798232,-0.003437485630437648,2.774601949278158,2.774601949278158
1.0999990890379245,-0.003437480368712379,2.774597702222386,2.774597702222386
1.100000999135566,-0.003437486337738363,2.774602520183219,2.774602520183219
1.0999991072329736,-0.0034374804255716297,2.7745977481169164,2.7745977481169164
1.1000004840569624,-0.0034374847281255865,2.77460122096768,2.77460122096768
1.100000552188028,-0.003437484941034127,2.774601392819002,2.774601392819002
1.100000216238637,-0.0034374838911974065,2.7746005454324747,2.7746005454324747
1.0999996879408875,-0.0034374822402750004,2.7745992128734422,2.7745992128734422
1.1000005634366385,-0.0034374849761858632,2.774601421192088,2.774601421192088
1.1000010335855752,-0.0034374864453941166,2.77460260707867,2.77460260707867
1.1000003245515353,-0.0034374842296735608,2.7746008186369906,2.7746008186369906
1.1000003638511835,-0.0034374843524843618,2.774600917764994,2.774600917764994
1.10000003190217,-0.00343748331514876,2.7746000804688733,2.7746000804688733
1.0999991891851424,-0.0034374806816709074,2.7745979548300874,2.7745979548300874
1.0999997218634325,-0.003437482346282436,2.774599298438436,2.774599298438436
1.0999991297541791,-0.0034374804959500537,2.7745978049235864,2.7745978049235864
1.0999995114232928,-0.00343748168866021,2.77459876763188,2.77459876763188
1.1000000376703982,-0.0034374833331743846,2.7746000950184424,2.7746000950184424
1.1000006813319883,-0.0034374853446070323,2.7746017185670313,2.7746017185670313
1.0999990792756926,-0.003437480338205553,2.7745976775984875,2.7745976775984875
1.1000005195709133,-0.003437484839106141,2.774601310546778,2.774601310546778
1.10000054582251,-0.0034374849211419797,2.7746013767628503,2.7746013767628503
1.100000366381473,-0.0034374843603914773,2.774600924147304,2.774600924147304
1.0999996854644236,-0.0034374822325360884,2.7745992066268994,2.7745992066268994
1.0999990111270412,-0.0034374801252420577,2.7745975057028076,2.7745975057028076
1.100000388776167,-0.0034374844303745548,2.7746009806348657,2.7746009806348657
1.1000001143068197,-0.0034374835726620322,2.7746002883233647,2.7746002883233647
1.0999991886211307,-0.003437480679908379,2.774597953407444,2.774597953407444
1.099999214834439,-0.0034374807618245675,2.77459801952694,2.77459801952694
1.100000308677079,-0.0034374841800661267,2.7746007785958393,2.7746007785958393
1.100000901109412,-0.003437486031408128,2.774602272925613,2.774602272925613
1.1000007889300756,-0.0034374856808494134,2.7746019899685344,2.7746019899685344
1.1000001776610744,-0.0034374837706431117,2.7746004481258333,2.7746004481258333
1.1000005888946907,-0.0034374850557418878,2.7746014854065533,2.7746014854065533
1.100000200720465,-0.0034374838427033553,2.7746005062900014,2.7746005062900014
1.1000000276160584,-0.003437483301754726,2.7746000696577413,2.7746000696577413
1.1000002099133301,-0.003437483871430919,2.7746005294777505,2.7746005294777505
1.1000006033943772,-0.003437485101053187,2.7746015219800353,2.7746015219800353
1.1000007591036023,-0.0034374855876421395,2.7746019147353223,2.7746019147353223
1.099999107435029,-0.00343748042620305,2.774597748626574,2.774597748626574
1.099999916345363,-0.003437482954035501,2.7745997889925853,2.7745997889925853
1.1000009136407678,-0.0034374860705684235,2.774602304534249,2.774602304534249
1.1000007845108146,-0.0034374856670392902,2.774601978821551,2.774601978821551
1.0999998062300724,-0.003437482609926898,2.7745995112417807,2.7745995112417807
1.1000000777683805,-0.003437483458479968,2.7746001961601348,2.7746001961601348
1.1000006671753664,-0.003437485300367805,2.7746016828588833,2.7746016828588833
1.1000002963236124,-0.0034374841414617327,2.7746007474359042,2.7746007474359042
1.1000002092956112,-0.0034374838695005565,2.7746005279196386,2.7746005279196386
1.0999990927182366,-0.0034374803802132985,2.774597711505472,2.774597711505472
1.0999990614134425,-0.0034374802823862946,2.7745976325433976,2.7745976325433976
1.1000010193439358,-0.0034374864008892103,2.774602571156076,2.774602571156076
1.0999998718098505,-0.0034374828148627037,2.774599676657828,2.774599676657828
1.099999821680961,-0.003437482658210689,2.77459955021454,2.77459955021454
1.1000007557878977,-0.0034374855772806127,2.774601906371909,2.774601906371909
1.099999546055907,-0.0034374817968866015,2.774598854987927,2.774598854987927
1.099999048786129,-0.0034374802429261325,2.7745976006927213,2.7745976006927213
1.0999994764690537,-0.0034374815794287463,2.774598679464578,2.774598679464578
1.0999997447782712,-0.003437482417890957,2.774599356237992,2.774599356237992
1.1000005871859737,-0.003437485050402173,2.7746014810965476,2.7746014810965476
1.1000005268952149,-0.003437484861994472,2.7746013290213303,2.7746013290213303
1.099999807734363,-0.003437482614627783,2.774599515036148,2.774599515036148
1.100000230104892,-0.0034374839345292407,2.7746005804082112,2.7746005804082112
1.0999993457171846,-0.0034374811708311505,2.774598349660818,2.774598349660818
1.100000757751799,-0.0034374855834177743,2.7746019113255826,2.7746019113255826
1.1000005962953194,-0.0034374850788687398,2.77460150407363,2.77460150407363
1.0999996617120447,-0.0034374821583102663,2.7745991467147624,2.7745991467147624
1.0999998667529183,-0.0034374827990598677,2.774599663902406,2.774599663902406
1.0999991214682938,-0.0034374804700567883,2.7745977840235705,2.7745977840235705
1.099999776266137,-0.003437482516290057,2.7745994356618393,2.7745994356618393
1.1000009644195698,-0.003437486229251405,2.7746024326168532,2.7746024326168532
1.0999999245263306,-0.0034374829796008995,2.77459980962796,2.77459980962796
1.1000006561379738,-0.003437485265876121,2.7746016550185653,2.7746016550185653
1.0999990172374277,-0.0034374801443369223,2.774597521115424,2.774597521115424
1.099999345650752,-0.0034374811706235496,2.7745983494932513,2.7745983494932513
1.1000008861548827,-0.003437485984675452,2.7746022352048523,2.7746022352048523
1.1000006707283732,-0.0034374853114708965,2.7746016918208576,2.7746016918208576
1.1000003662866162,-0.0034374843600950516,2.774600923908041,2.774600923908041
1.1000006854849487,-0.00343748535758497,2.7746017290423075,2.7746017290423075
1.1000007347181697,-0.003437485511438035,2.774601853226394,2.774601853226394
1.0999990517516456,-0.0034374802521933263,2.774597608172832,2.774597608172832
1.1000005499153631,-0.0034374849339320838,2.7746013870865145,2.7746013870865145
1.100000359088714,-0.003437484337601717,2.774600905752314,2.774600905752314
1.1000000325806492,-0.0034374833172689965,2.7746000821802443,2.7746000821802443
1.1000010100001885,-0.0034374863716901427,2.774602547587748,2.774602547587748
1.1000004581496698,-0.0034374846471656928,2.774601155620067,2.774601155620067
1.1000008864399775,-0.003437485985566369,2.774602235923965,2.774602235923965
1.099999314050688,-0.003437481071873832,2.7745982697863987,2.7745982697863987
1.1000003927185726,-0.003437484442694512,2.7746009905790463,2.7746009905790463
1.1000001815757514,-0.0034374837828764176,2.774600458000072,2.774600458000072
1.1000008618609896,-0.0034374859087574062,2.774602173926819,2.774602173926819
1.1000004480364847,-0.003437484615562143,2.7746011301109363,2.7746011301109363
1.1000008083430683,-0.0034374857415147195,2.774602038935161,2.774602038935161
1.0999990955963441,-0.00343748038920734,2.774597718765105,2.774597718765105
1.1000001625583902,-0.003437483723447454,2.774600410031372,2.774600410031372
1.0999998147654964,-0.003437482636599968,2.774599532771224,2.774599532771224
1.1000005373810862,-0.0034374848947626596,2.77460135547051,2.77460135547051
1.100000954920281,-0.003437486199566272,2.774602408656192,2.774602408656192
1.10000063903362,-0.003437485212425277,2.7746016118751653,2.7746016118751653
1.0999995910416809,-0.0034374819374664582,2.774598968458407,2.774598968458407
1.1000009655176959,-0.0034374862326830326,2.7746024353867265,2.7746024353867265
1.1000003035458432,-0.0034374841640310936,2.774600765652997,2.774600765652997
1.099999900155234,-0.003437482903441595,2.7745997481551927,2.7745997481551927
1.0999998547123182,-0.003437482761433176,2.774599633531634,2.774599633531634
1.1000007573168602,-0.0034374855820585976,2.774601910228509,2.774601910228509
1.0999995953977737,-0.003437481951079181,2.774598979446057,2.774598979446057
1.1000003245607957,-0.0034374842297024994,2.774600818660349,2.774600818660349
1.0999999322676957,-0.0034374830037925473,2.774599829154498,2.774599829154498
1.1000007564614827,-0.003437485579385556,2.7746019080709363,2.7746019080709363
1.099999503424441,-0.00343748166366392,2.7745987474558667,2.7745987474558667
1.099999773761304,-0.003437482508462492,2.77459942934374,2.77459942934374
1.0999999054222098,-0.0034374829199008143,2.774599761440421,2.774599761440421
1.1000010200531862,-0.0034374864031056075,2.774602572945064,2.774602572945064
1.100000866938368,-0.0034374859246241373,2.7746021867338144,2.7746021867338144
1.0999997264175398,-0.003437482360513951,2.7745993099255504,2.7745993099255504
1.0999991444068338,-0.0034374805417393757,2.7745978418829096,2.7745978418829096
1.099999362155842,-0.0034374812222017037,2.7745983911250898,2.7745983911250898
1.099998982352254,-0.003437480035321287,2.7745974331223304,2.7745974331223304
1.1000008677248532,-0.003437485927081891,2.7746021887176155,2.7746021887176155
1.099999516759483,-0.0034374817053357226,2.774598781091692,2.774598781091692
1.0999994452530373,-0.003437481481879171,2.774598600726433,2.774598600726433
1.099999935624504,-0.0034374830142825225,2.7745998376215897,2.7745998376215897
1.09999979867722,-0.0034374825863243497,2.7745994921907404,2.7745994921907404
1.1000002037795753,-0.0034374838522630282,2.77460051400619,2.77460051400619
1.1000002478023185,-0.0034374839898334295,2.7746006250475572,2.7746006250475572
1.0999997442699703,-0.0034374824163025245,2.774599354955872,2.774599354955872
1.099998977426162,-0.0034374800199273247,2.7745974206969355,2.7745974206969355
1.1000007068159359,-0.0034374854242439795,2.7746017828468137,2.7746017828468137
1.1000006290051776,-0.0034374851810865473,2.7746015865797866,2.7746015865797866
1.0999998883792734,-0.003437482866641898,2.774599718451938,2.774599718451938
1.0999993940991113,-0.003437481322023933,2.774598471697631,2.774598471697631
1.1000005400974917,-0.0034374849032513858,2.774601362322273,2.774601362322273
1.1000008988823702,-0.0034374860244486562,2.774602267308204,2.774602267308204
1.1000005872463023,-0.0034374850505906993,2.7746014812487183,2.7746014812487183
1.0999996314065685,-0.003437482063606116,2.7745990702733314,2.7745990702733314
1.0999995358302588,-0.0034374817649316064,2.7745988291951234,2.7745988291951234
1.0999990904616461,-0.0034374803731614875,2.77459770581353,2.77459770581353
1.0999990310626668,-0.0034374801875405835,2.7745975559877043,2.7745975559877043
1.09999921971812,-0.0034374807770859964,2.77459803184536,2.77459803184536
1.1000008545380344,-0.0034374858858732833,2.7746021554556632,2.7746021554556632
1.100000349050801,-0.0034374843062333926,2.7746008804330478,2.7746008804330478
1.1000003511581877,-0.0034374843128189437,2.7746008857486433,2.7746008857486433
1.1000006201822299,-0.0034374851535149704,2.7746015643251045,2.7746015643251045
1.1000005702352573,-0.003437484997431443,2.7746014383406767,2.7746014383406767
1.1000008615893888,-0.003437485907908658,2.7746021732417434,2.7746021732417434
1.099998966777313,-0.0034374799866498337,2.7745973938366655,2.7745973938366655
1.1000007683538084,-0.0034374856165488923,2.774601938067706,2.774601938067706
1.100000495549249,-0.003437484764038807,2.774601249955406,2.774601249955406
1.0999993290224843,-0.0034374811186604665,2.7745983075507135,2.7745983075507135
1.1000006343734146,-0.0034374851978622055,2.774601600120432,2.774601600120432
1.099999702622157,-0.003437482286153744,2.7745992499049428,2.7745992499049428
1.0999993989978234,-0.0034374813373323336,2.774598484053964,2.774598484053964
1.1000001416843432,-0.003437483658216376,2.774600357379435,2.774600357379435
1.09999912339637,-0.0034374804760819973,2.77459778888688,2.77459778888688
1.0999990083242017,-0.003437480116483227,2.774597498633027,2.774597498633027
1.0999991653191803,-0.00343748060709014,2.7745978946314525,2.7745978946314525
1.0999994380123856,-0.0034374814592522452,2.774598582462877,2.774598582462877
1.099999762683668,-0.0034374824738450487,2.7745994014019137,2.7745994014019137
1.09999922631354,-0.0034374807976965834,2.7745980484814075,2.7745980484814075
1.100000269117006,-0.0034374840564415027,2.7746006788109496,2.7746006788109496
1.1000005933735792,-0.0034374850697383463,2.774601496703939,2.774601496703939
1.0999990710889669,-0.0034374803126221605,2.7745976569485884,2.7745976569485884
1.1000005614118544,-0.0034374849698584438,2.7746014160848462,2.7746014160848462
1.09999946256047,-0.003437481535964635,2.7745986443820727,2.7745986443820727
1.1000008189701382,-0.0034374857747241504,2.7746020657404955,2.7746020657404955
1.0999995064759325,-0.0034374816731997846,2.774598755152838,2.774598755152838
1.0999995478627238,-0.0034374818025328757,2.7745988595453754,2.7745988595453754
1.1000007850340834,-0.003437485668674497,2.774601980141425,2.774601980141425
1.0999995751820433,-0.0034374818879053326,2.7745989284546337,2.7745989284546337
1.1000000452519083,-0.003437483356866488,2.7746001141417675,2.7746001141417675
1.0999993530527294,-0.0034374811937546166,2.77459836816373,2.77459836816373
1.100000130496454,-0.0034374836232543924,2.77460032915951,2.77460032915951
1.1000004720751315,-0.0034374846906825474,2.7746011907451447,2.7746011907451447
1.1000007539517698,-0.0034374855715427416,2.7746019017405277,2.7746019017405277
1.0999999738336748,-0.003437483133685598,2.7745999339990126,2.7745999339990126
1.0999989675502966,-0.003437479989065396,2.7745973957864116,2.7745973957864116
1.0999998934966284,-0.003437482882633554,2.7745997313597677,2.7745997313597677
1.1000002105287598,-0.0034374838733541276,2.7746005310300883,2.7746005310300883
1.0999999883663534,-0.003437483179099997,2.7745999706557125,2.7745999706557125
1.100000726886213,-0.0034374854869632897,2.7746018334713516,2.7746018334713516
1.0999991919949912,-0.0034374806904516413,2.7745979619175474,2.7745979619175474
1.1000009568863216,-0.003437486205710119,2.7746024136152614,2.7746024136152614
1.09999968554543,-0.003437482232789232,2.774599206831227,2.774599206831227
1.1000004668681111,-0.0034374846744106885,2.7746011776111463,2.7746011776111463
1.100000739113727,-0.0034374855251740844,2.774601864313588,2.774601864313588
1.1000010462971228,-0.0034374864851175087,2.7746026391418153,2.7746026391418153
1.0999996752493553,-0.0034374822006141554,2.7745991808607826,2.7745991808607826
1.0999997149582774,-0.0034374823247039317,2.774599281021124,2.774599281021124
1.1000008876730998,-0.0034374859894198573,2.7746022390343477,2.7746022390343477
1.1000005626146256,-0.003437484973617085,2.7746014191186728,2.7746014191186728
1.1000000145984328,-0.0034374832610748448,2.774600036822556,2.774600036822556
1.0999996845839506,-0.0034374822297846236,2.774599204406026,2.774599204406026
1.1000008735283915,-0.0034374859452178594,2.7746022033562494,2.7746022033562494
1.1000001793884027,-0.003437483776040986,2.7746004524827836,2.7746004524827836
1.099999521587508,-0.0034374817204232276,2.774598793269727,2.774598793269727
1.1000004964702894,-0.003437484766917044,2.7746012522786043,2.7746012522786043
1.0999989739026927,-0.003437480008916537,2.7745974118094647,2.7745974118094647
1.1000008969598651,-0.0034374860184408574,2.774602262458947,2.774602262458947
1.100000908147665,-0.0034374860534025606,2.7746022906786463,2.7746022906786463
1.1000001708372196,-0.00343748374931867,2.77460043091359,2.77460043091359
1.100000300253012,-0.003437484153741046,2.774600757347279,2.774600757347279
1.099999324190011,-0.0034374811035590615,2.7745982953614585,2.7745982953614585
1.099999236400766,-0.0034374808292190104,2.774598073925059,2.774598073925059
1.1000001511342923,-0.0034374836877473225,2.774600381215643,2.774600381215643
1.1000002084253806,-0.003437483866781099,2.7746005257246007,2.7746005257246007
1.0999993488809088,-0.0034374811807177403,2.774598357640881,2.774598357640881
1.1000004397699301,-0.003437484589729286,2.7746011092596796,2.7746011092596796
1.0999997801184658,-0.0034374825283285263,2.7745994453788136,2.7745994453788136
1.1000003921321237,-0.0034374844408618685,2.7746009890998096,2.7746009890998096
1.1000007501617908,-0.003437485559699115,2.774601892180822,2.774601892180822
1.100000736090276,-0.0034374855157258454,2.7746018566873447,2.7746018566873447
1.0999994555311217,-0.003437481513998028,2.7745986266515,2.7745986266515
1.0999992459025503,-0.0034374808589119413,2.774598097892014,2.774598097892014
1.100000514468279,-0.003437484823160487,2.774601297676079,2.774601297676079
1.1000000535697263,-0.003437483382859542,2.7746001351223293,2.7746001351223293
1.09999927969613,-0.003437480964516362,2.774598183131711,2.774598183131711
1.1000003873702697,-0.0034374844259811473,2.774600977088682,2.774600977088682
1.1000009123089647,-0.003437486066406559,2.774602301174957,2.774602301174957
1.100000087308335,-0.0034374834882921804,2.7746002202233697,2.7746002202233697
1.1000006328105467,-0.003437485192978268,2.7746015961783117,2.7746015961783117
1.099999960991995,-0.0034374830935555447,2.7745999016076266,2.7745999016076266
1.0999990197374883,-0.003437480152149574,2.7745975274214865,2.7745975274214865
1.1000000230118012,-0.003437483287366493,2.7746000580441303,2.7746000580441303
1.1000003313366973,-0.003437484250877089,2.7746008357516367,2.7746008357516367
1.1000006653322931,-0.003437485294608229,2.774601678209982,2.774601678209982
1.1000010230004196,-0.003437486412315667,2.774602580379058,2.774602580379058
1.0999994354751192,-0.0034374814513233264,2.7745985760629686,2.7745985760629686
1.0999989601187978,-0.0034374799658420754,2.774597377041469,2.774597377041469
1.1000003457811915,-0.003437484296015912,2.7746008721859035,2.7746008721859035
1.0999991219921565,-0.0034374804716938516,2.774597785344943,2.774597785344943
1.0999998102711908,-0.003437482622555331,2.77459952143495,2.77459952143495
1.100000294220346,-0.0034374841348890563,2.7746007421307013,2.7746007421307013
1.1000009328780276,-0.0034374861306845665,2.7746023530576136,2.7746023530576136
1.0999999446015112,-0.003437483042335533,2.7745998602648663,2.7745998602648663
1.1000000705072686,-0.0034374834357891034,2.77460017784497,2.77460017784497
1.1000001135378854,-0.003437483570259125,2.7746002863838335,2.7746002863838335
1.0999994715021637,-0.003437481563907291,2.7745986669362757,2.7745986669362757
1.0999993836121802,-0.0034374812892524337,2.7745984452457773,2.7745984452457773
1.0999996413357234,-0.0034374820946345736,2.774599095318271,2.774599095318271
1.0999998098989228,-0.003437482621392,2.7745995204959555,2.7745995204959555
1.0999994979016277,-0.0034374816464052133,2.7745987335253237,2.7745987335253237
1.0999997856641444,-0.0034374825456586866,2.7745994593670313,2.7745994593670313
1.099999839455285,-0.0034374827137551803,2.7745995950478486,2.7745995950478486
1.0999991433527616,-0.003437480538445416,2.7745978392241564,2.7745978392241564
1.0999998429490319,-0.0034374827246730862,2.7745996038603487,2.7745996038603487
1.0999989929591512,-0.0034374800684676787,2.7745974598767824,2.7745974598767824
1.0999995704478003,-0.003437481873110895,2.774598916513151,2.774598916513151
1.1000010221566774,-0.003437486409678985,2.7746025782508332,2.7746025782508332
1.1000007935284444,-0.0034374856952192456,2.7746020015672923,2.7746020015672923
1.1000000525377864,-0.0034374833796347462,2.7746001325194016,2.7746001325194016
1.1000009471032455,-0.0034374861751381553,2.774602388938786,2.774602388938786
1.0999999038568735,-0.0034374829150091617,2.7745997574920733,2.7745997574920733
1.1000006328174976,-0.003437485192999989,2.774601596195844,2.774601596195844
1.0999995664168118,-0.003437481860514118,2.7745989063455325,2.7745989063455325
1.0999994533427973,-0.0034374815071595475,2.7745986211317497,2.7745986211317497
1.100000626859396,-0.0034374851743810123,2.774601581167345,2.774601581167345
1.0999999387146657,-0.0034374830239392307,2.774599845416101,2.774599845416101
1.1000000866279074,-0.003437483486165854,2.7746002185070835,2.7746002185070835
1.0999992172980844,-0.003437480769523422,2.7745980257411498,2.7745980257411498
1.0999994353715226,-0.0034374814509995884,2.77459857580166,2.77459857580166
1.0999993773737853,-0.0034374812697575445,2.774598429510277,2.774598429510277
1.0999992275625694,-0.003437480801599781,2.7745980516319135,2.7745980516319135
1.0999996137892154,-0.0034374820085521563,2.7745990258359607,2.7745990258359607
1.0999992124540463,-0.003437480754385877,2.7745980135227244,2.7745980135227244
1.1000002947317982,-0.0034374841364873373,2.7746007434207702,2.7746007434207702
1.1000000490293487,-0.0034374833686709313,2.774600123669846,2.774600123669846
1.0999992152556306,-0.003437480763140785,2.774598020589339,2.774598020589339
1.0999990447924042,-0.0034374802304458036,2.774597590619095,2.774597590619095
1.099999372321171,-0.0034374812539682015,2.7745984167657456,2.7745984167657456
1.1000004594403723,-0.003437484651199118,2.7746011588756874,2.7746011588756874
1.1000007171779917,-0.0034374854566252464,2.7746018089836872,2.7746018089836872
1.099999920260912,-0.003437482966271532,2.774599798869024,2.774599798869024
1.1000003243784788,-0.003437484229132762,2.7746008182004793,2.7746008182004793
1.100000557559168,-0.0034374849578188574,2.7746014063669704,2.7746014063669704
1.100000561644888,-0.0034374849705866703,2.774601416672642,2.774601416672642
1.1000009057988782,-0.0034374860460626385,2.774602284754152,2.774602284754152
1.0999991381534011,-0.0034374805221974946,2.774597826109479,2.774597826109479
1.1000006387757824,-0.003437485211619538,2.7746016112248046,2.7746016112248046
1.0999998880121546,-0.0034374828654946572,2.774599717525931,2.774599717525931
1.09999953171332,-0.0034374817520662353,2.7745988188107065,2.7745988188107065
1.1000001699664965,-0.003437483746597673,2.7746004287173096,2.7746004287173096
1.0999993239200958,-0.0034374811027155804,2.774598294680634,2.774598294680634
1.0999998569911065,-0.003437482768554355,2.7745996392795673,2.7745996392795673
1.0999992081061074,-0.003437480740798634,2.774598002555641,2.774598002555641
1.1000010354701841,-0.0034374864512834906,2.774602611832339,2.774602611832339
1.0999990579990735,-0.0034374802717164438,2.7745976239311174,2.7745976239311174
1.1000009735811307,-0.0034374862578811427,2.7746024557256406,2.7746024557256406
1.1000008648076285,-0.003437485917965608,2.7746021813593145,2.7746021813593145
1.099999923753769,-0.003437482977186656,2.7745998076792793,2.7745998076792793
1.1000003929026174,-0.0034374844432696495,2.7746009910432745,2.7746009910432745
1.099999422969125,-0.003437481412242286,2.774598544518304,2.774598544518304
1.1000004145106677,-0.003437484510794477,2.7746010455466346,2.7746010455466346
1.099999381834163,-0.003437481283696157,2.774598440760971,2.774598440760971
1.100000099427263,-0.0034374835261636446,2.7746002507917122,2.7746002507917122
1.0999990478295323,-0.003437480239936782,2.7745975982798363,2.7745975982798363
1.1000000532178542,-0.0034374833817599473,2.7746001342347797,2.7746001342347797
1.0999994966579825,-0.0034374816425188403,2.774598730388398,2.774598730388398
1.1000008395125342,-0.0034374858389188247,2.7746021175558884,2.7746021175558884
1.1000003948247103,-0.0034374844492761607,2.774600995891492,2.774600995891492
1.1000007240753702,-0.0034374854781794484,2.7746018263813834,2.7746018263813834
1.1000006021560833,-0.0034374850971835374,2.7746015188566076,2.7746015188566076
1.0999993045218839,-0.0034374810420964644,2.77459824575129,2.77459824575129
1.100000918856532,-0.003437486086867607,2.774602317690303,2.774602317690303
1.1000004643077488,-0.0034374846664095952,2.774601171152981,2.774601171152981
1.0999990986429022,-0.0034374803987277883,2.7745977264496333,2.7745977264496333
1.1000007984439415,-0.0034374857105800988,2.7746020139659633,2.7746020139659633
1.0999990387474048,-0.0034374802115552726,2.7745975753714083,2.7745975753714083
1.09999931988137,-0.0034374810900946245,2.774598284493499,2.774598284493499
1.1000002204650776,-0.0034374839044049687,2.7746005560930946,2.7746005560930946
1.1000007942859968,-0.0034374856975865854,2.774602003478115,2.774602003478115
1.0999997594443394,-0.0034374824637221964,2.774599393231149,2.774599393231149
1.0999989785769064,-0.003437480023523383,2.774597423599531,2.774597423599531
1.0999990203310688,-0.0034374801540045033,2.774597528918712,2.774597528918712
1.0999997063239328,-0.0034374822977217365,2.774599259242167,2.774599259242167
1.0999990127257133,-0.003437480130237884,2.77459750973524,2.77459750973524
1.099999661076129,-0.0034374821563230395,2.7745991451107517,2.7745991451107517
1.1000008747013874,-0.0034374859488834537,2.774602206314972,2.774602206314972
1.099999782790833,-0.0034374825366796325,2.7745994521194954,2.7745994521194954
1.0999993749658088,-0.0034374812622326545,2.774598423436484,2.774598423436484
1.0999993099942815,-0.003437481059197623,2.7745982595546663,2.7745982595546663
1.100000865117864,-0.00343748591893509,2.7746021821418414,2.7746021821418414
1.1000008196797997,-0.0034374857769418317,2.77460206753052,2.77460206753052
1.100000953500719,-0.0034374861951301625,2.7746024050755405,2.7746024050755405
1.1000001236443613,-0.003437483601841707,2.77460031187604,2.77460031187604
1.100001023572408,-0.003437486414103122,2.774602581821821,2.774602581821821
1.1000008399073968,-0.0034374858401527643,2.774602118551875,2.774602118551875
1.1000005913659594,-0.0034374850634645644,2.7746014916399915,2.7746014916399915
1.1000007982292572,-0.003437485709909214,2.7746020134244516,2.7746020134244516
1.0999997583595975,-0.003437482460332394,2.7745993904950352,2.7745993904950352
1.0999992692734715,-0.0034374809319457134,2.774598156841976,2.774598156841976
1.0999989742203018,-0.0034374800099090603,2.77459741261059,2.77459741261059
1.0999993972343802,-0.0034374813318216006,2.774598479605919,2.774598479605919
1.1000000080735215,-0.0034374832406845962,2.7746000203643564,2.7746000203643564
1.0999998829490705,-0.003437482849672596,2.7745997047549915,2.7745997047549915
1.1000010158875881,-0.003437486390088177,2.7746025624379107,2.7746025624379107
1.099999750987324,-0.0034374824372941522,2.774599371899481,2.774599371899481
1.0999993881714796,-0.0034374813035001747,2.7745984567459883,2.7745984567459883
1.0999999947260717,-0.0034374831989740194,2.774599986697235,2.774599986697235
1.0999998734732832,-0.003437482820060906,2.77459968085361,2.77459968085361
1.0999995505663913,-0.003437481810981795,2.774598866365008,2.774598866365008
1.0999996043455664,-0.0034374819790408974,2.7745990020156444,2.7745990020156444
1.0999994915090574,-0.003437481626428528,2.7745987174009366,2.7745987174009366
1.10000035520433,-0.0034374843254630764,2.7746008959544852,2.7746008959544852
1.0999991120480737,-0.0034374804406187443,2.77459776026235,2.77459776026235
1.0999989785342659,-0.003437480023390132,2.774597423491976,2.774597423491976
1.1000001983234926,-0.003437483835212853,2.7746005002439653,2.7746005002439653
1.0999999496997248,-0.0034374830582673726,2.774599873124415,2.774599873124415
1.0999998702368134,-0.0034374828099469875,2.774599672690057,2.774599672690057
1.1000001525401797,-0.003437483692140699,2.774600384761802,2.774600384761802
1.0999992139293138,-0.003437480758996065,2.774598017243885,2.774598017243885
1.1000005699226858,-0.003437484996454662,2.774601437552258,2.774601437552258
1.0999998542791387,-0.0034374827600794967,2.774599632438998,2.774599632438998
1.1000004343327219,-0.0034374845727380933,2.774601095545063,2.774601095545063
1.1000008633337286,-0.0034374859133596935,2.7746021776416026,2.7746021776416026
1.0999995935800295,-0.0034374819453987585,2.774598974861045,2.774598974861045
1.1000003260479603,-0.0034374842343498657,2.7746008224115184,2.7746008224115184
1.1000001609110062,-0.0034374837182994038,2.77460040587607,2.77460040587607
1.0999997934279546,-0.0034374825699204753,2.774599478950184,2.774599478950184
1.099999446604651,-0.003437481486102944,2.774598604135695,2.774598604135695
1.0999994389308545,-0.0034374814621224463,2.7745985847795893,2.7745985847795893
1.1000003616498633,-0.0034374843456052694,2.7746009122124637,2.7746009122124637
1.1000005484840836,-0.0034374849294593573,2.7746013834763072,2.7746013834763072
1.0999996815039481,-0.003437482220159663,2.77459919663714,2.77459919663714
1.0999991085102032,-0.003437480429562953,2.774597751338554,2.774597751338554
1.0999995860281426,-0.0034374819217992277,2.7745989558124404,2.7745989558124404
1.0999997730558533,-0.0034374825062579695,2.7745994275643366,2.7745994275643366
1.1000005584627657,-0.0034374849606425865,2.774601408646172,2.774601408646172
1.1000004959125735,-0.0034374847651741903,2.774601250871842,2.774601250871842
1.1000002939504718,-0.003437484134045704,2.7746007414499805,2.7746007414499805
1.09999918986751,-0.003437480683803296,2.7745979565512666,2.7745979565512666
1.100000403466434,-0.0034374844762814147,2.774601017689061,2.774601017689061
1.1000003914984569,-0.003437484438881669,2.774600987501471,2.774600987501471
1.1000004783311341,-0.0034374847102324603,2.7746012065250585,2.7746012065250585
1.1000004991452859,-0.0034374847752763667,2.7746012590259177,2.7746012590259177
1.1000000413069397,-0.0034374833445385213,2.7746001041911224,2.7746001041911224
1.100000460721838,-0.0034374846552036793,2.7746011621080107,2.7746011621080107
1.1000003657808846,-0.003437484358514648,2.7746009226324015,2.7746009226324015
1.1000002873580137,-0.0034374841134443735,2.774600724821404,2.774600724821404
1.1000001311397807,-0.0034374836252647786,2.7746003307822136,2.7746003307822136
1.1000003054744938,-0.0034374841700580967,2.7746007705177544,2.7746007705177544
1.1000007567585879,-0.003437485580314005,2.774601908820343,2.774601908820343
1.0999995056431124,-0.003437481670597235,2.7745987530521634,2.7745987530521634
1.0999993504119492,-0.003437481185502218,2.7745983615027217,2.7745983615027217
1.0999989913478163,-0.0034374800634322817,2.77459745581241,2.77459745581241
1.0999990761228495,-0.003437480328352967,2.7745976696458707,2.7745976696458707
1.1000003121625526,-0.0034374841909581787,2.774600787387471,2.774600787387471
1.1000002425729922,-0.0034374839734918647,2.7746006118572946,2.7746006118572946
1.1000006582150708,-0.003437485272367018,2.7746016602577592,2.7746016602577592
1.100000798117831,-0.0034374857095610086,2.774602013143394,2.774602013143394
1.099999659983211,-0.0034374821529076873,2.774599142354015,2.774599142354015
1.1000000890175108,-0.003437483493633328,2.774600224534532,2.774600224534532
1.100000156862424,-0.003437483705647647,2.7746003956640743,2.7746003956640743
1.0999997599348603,-0.003437482465255066,2.774599394468421,2.774599394468421
1.0999991334690824,-0.0034374805075590696,2.7745978142939234,2.7745978142939234
1.0999995753546081,-0.003437481888444595,2.7745989288899047,2.7745989288899047
1.0999998922479524,-0.003437482878731461,2.7745997282101533,2.7745997282101533
1.0999999316131857,-0.0034374830017472138,2.7745998275035864,2.7745998275035864
1.1000005751267823,-0.003437485012717384,2.7746014506788814,2.7746014506788814
1.0999995686888628,-0.003437481867614243,2.774598912076472,2.774598912076472
1.099999022308924,-0.0034374801601852706,2.7745975339075817,2.7745975339075817
1.0999998701321316,-0.0034374828096198577,2.7745996724260107,2.7745996724260107
1.1000005820514458,-0.003437485034356852,2.774601468145401,2.774601468145401
1.100000060873538,-0.0034374834056838427,2.7746001535451987,2.7746001535451987
1.0999998374314541,-0.00343748270743074,2.774599589943011,2.774599589943011
1.0999996777368908,-0.003437482208387666,2.7745991871352516,2.7745991871352516
1.0999997354729298,-0.0034374823888119075,2.7745993327665373,2.7745993327665373
1.1000009698564208,-0.0034374862462414816,2.7746024463305683,2.7746024463305683
1.0999995473684698,-0.0034374818009883395,2.7745988582986874,2.7745988582986874
1.10000080118271,-0.003437485719138709,2.7746020208741338,2.7746020208741338
1.100000770642589,-0.0034374856237012964,2.7746019438408425,2.7746019438408425
1.1000006009004508,-0.003437485093259705,2.774601515689446,2.774601515689446
1.0999993846991092,-0.00343748129264907,2.7745984479874073,2.7745984479874073
1.0999997483630855,-0.003437482429093447,2.774599365280197,2.774599365280197
1.0999990728127276,-0.0034374803180088867,2.7745976612965397,2.7745976612965397
1.1000000697450678,-0.003437483433407238,2.774600175922423,2.774600175922423
1.0999992639695249,-0.003437480915370961,2.7745981434634936,2.7745981434634936
1.1000005667298514,-0.0034374849864771033,2.7746014294987686,2.7746014294987686
1.0999999259636617,-0.003437482984092538,2.7745998132534324,2.7745998132534324
1.1000004669884962,-0.00343748467478689,2.774601177914801,2.774601177914801
1.1000004534289411,-0.0034374846324134877,2.774601143712673,2.774601143712673
1.099999212567688,-0.0034374807547410055,2.77459801380937,2.77459801380937
1.1000007085136185,-0.0034374854295492123,2.774601787128987,2.774601787128987
1.099999742063216,-0.0034374824094064505,2.7745993493896353,2.7745993493896353
1.0999991637628679,-0.003437480602226687,2.7745978907058664,2.7745978907058664
1.1000005680383262,-0.003437484990566067,2.774601432799218,2.774601432799218
1.0999991180729027,-0.0034374804594462433,2.77459777545916,2.77459777545916
1.100000098199335,-0.003437483522326388,2.774600247694431,2.774600247694431
1.100000613373157,-0.0034374851322367212,2.7746015471501466,2.7746015471501466
1.099999026230151,-0.003437480172439045,2.7745975437983423,2.7745975437983423
1.09999930290182,-0.0034374810370337897,2.7745982416648998,2.7745982416648998
1.1000001350030852,-0.0034374836373375467,2.774600340526873,2.774600340526873
1.1000007233971931,-0.0034374854760601554,2.774601824670774,2.774601824670774
1.1000001243832098,-0.0034374836041505983,2.7746003137396853,2.7746003137396853
1.100000688539755,-0.003437485367131193,2.77460173674764,2.77460173674764
1.1000004350776291,-0.0034374845750659174,2.7746010974239903,2.7746010974239903
1.1000007083619456,-0.0034374854290752364,2.7746017867464126,2.7746017867464126
1.099999761972367,-0.0034374824716222434,2.7745993996077534,2.7745993996077534
1.1000007727492738,-0.003437485630284655,2.7746019491546683,2.7746019491546683
1.1000007231387714,-0.0034374854752525917,2.7746018240189407,2.7746018240189407
1.0999997598009728,-0.00343748246483667,2.774599394130708,2.774599394130708
1.0999989838359554,-0.003437480039957831,2.7745974368647652,2.7745974368647652
1.0999999386013954,-0.003437483023585263,2.7745998451303926,2.7745998451303926
1.099999497554903,-0.0034374816453217037,2.774598732650758,2.774598732650758
1.1000000862890913,-0.0034374834851070585,2.774600217652466,2.774600217652466
1.100000577704807,-0.003437485020773672,2.7746014571815976,2.7746014571815976
1.1000003648804768,-0.0034374843557008873,2.7746009203612463,2.7746009203612463
1.0999990168189437,-0.0034374801430291663,2.7745975200598556,2.7745975200598556
1.099999256925512,-0.003437480893358528,2.7745981256959316,2.7745981256959316
1.100000359910384,-0.003437484340169423,2.7746009078248646,2.7746009078248646
1.1000008722460464,-0.00343748594121055,2.7746022001217088,2.7746022001217088
1.0999994739801229,-0.0034374815716508756,2.7745986731865897,2.7745986731865897
1.0999991443807249,-0.003437480541657786,2.774597841817054,2.774597841817054
1.100000105866923,-0.0034374835462874847,2.7746002670348773,2.7746002670348773
1.1000002320395215,-0.0034374839405749286,2.7746005852880504,2.7746005852880504
1.1000001168832048,-0.003437483580713196,2.774600294821945,2.774600294821945
1.099998996222799,-0.0034374800786665283,2.774597468108889,2.774597468108889
1.1000002206913246,-0.003437483905111987,2.7746005566637715,2.7746005566637715
1.1000005332700262,-0.00343748488191566,2.774601345100922,2.774601345100922
1.1000006367288897,-0.00343748520522303,2.7746016060617973,2.7746016060617973
1.1000003162700145,-0.0034374842037939346,2.7746007977479836,2.7746007977479836
1.1000008082263402,-0.0034374857411499453,2.77460203864073,2.77460203864073
1.0999995677393486,-0.003437481864647025,2.774598909681451,2.774598909681451
1.0999992395270286,-0.003437480838988533,2.77459808181063,2.77459808181063
1.0999995153409956,-0.003437481700902971,2.774598777513751,2.774598777513751
1.1000001689184893,-0.0034374837433226663,2.7746004260738544,2.7746004260738544
1.099999288287013,-0.003437480991362741,2.774598204801042,2.774598204801042
1.1000001841615037,-0.003437483790956854,2.7746004645222797,2.7746004645222797
1.1000006941829124,-0.0034374853847659744,2.774601750981735,2.774601750981735
1.1000005612233092,-0.003437484969269243,2.774601415609267,2.774601415609267
1.1000002098154262,-0.0034374838711249706,2.7746005292308014,2.7746005292308014
1.09999950881774,-0.0034374816805178973,2.7745987610597282,2.7745987610597282
1.0999993177127045,-0.0034374810833175777,2.774598279023336,2.774598279023336
1.1000005452101942,-0.003437484919228503,2.774601375218368,2.774601375218368
1.0999999852664708,-0.0034374831694129115,2.7745999628366818,2.7745999628366818
1.0999993394962555,-0.0034374811513908417,2.7745983339693727,2.7745983339693727
1.09999968161469,-0.0034374822205057295,2.7745991969164714,2.7745991969164714
1.099999064222591,-0.0034374802911648406,2.7745976396290915,2.7745976396290915
1.0999997113046172,-0.003437482313286299,2.7745992718052643,2.7745992718052643
1.1000001720050259,-0.0034374837529680467,2.7746004338592223,2.7746004338592223
1.1000003245371874,-0.003437484229628724,2.7746008186008,2.7746008186008
1.100000012828328,-0.0034374832555432943,2.7746000323577076,2.7746000323577076
1.0999998185915245,-0.003437482648556247,2.7745995424218575,2.7745995424218575
1.0999998791165286,-0.0034374828376959616,2.774599695087927,2.774599695087927
1.099998969667966,-0.00343747999568308,2.7745974011279437,2.7745974011279437
1.1000003950692063,-0.0034374844500402067,2.7746009965081995,2.7746009965081995
1.0999993345120034,-0.00343748113581513,2.7745983213972765,2.7745983213972765
1.099999451130193,-0.0034374815002451934,2.7745986155507576,2.7745986155507576
1.099999573904712,-0.0034374818839136914,2.7745989252327394,2.7745989252327394
1.1000001258404368,-0.00343748360870441,2.7746003174153415,2.7746003174153415
1.0999996684909368,-0.0034374821794942007,2.774599163813593,2.774599163813593
1.0999994887296656,-0.0034374816177429714,2.7745987103903,2.7745987103903
1.099999904142451,-0.003437482915901587,2.774599758212404,2.774599758212404
1.099999827028299,-0.0034374826749210387,2.774599563702471,2.774599563702471
1.1000008608547074,-0.00343748590561279,2.7746021713886098,2.7746021713886098
1.100000416038476,-0.0034374845155688547,2.774601049400323,2.774601049400323
1.1000008082461183,-0.003437485741211752,2.7746020386906176,2.7746020386906176
1.100000731820481,-0.0034374855023828017,2.7746018459173696,2.7746018459173696
1.0999994134151314,-0.0034374813823862013,2.7745985204196577,2.7745985204196577
1.0999993177356648,-0.003437481083389328,2.7745982790812502,2.7745982790812502
1.1000001521304805,-0.0034374836908603952,2.7746003837283917,2.7746003837283917
1.0999998406995508,-0.003437482717643492,2.7745995981863394,2.7745995981863394
1.099999793356824,-0.003437482569698193,2.774599478770767,2.774599478770767
1.0999991163910507,-0.0034374804541904814,2.7745977712169174,2.7745977712169174
1.1000004958151264,-0.003437484764869669,2.7746012506260445,2.7746012506260445
1.1000000928993001,-0.0034374835057638603,2.774600234325816,2.774600234325816
1.1000004459852222,-0.003437484609151979,2.7746011249369067,2.7746011249369067
1.099999667110594,-0.0034374821751806508,2.774599160331867,2.774599160331867
1.0999997234849763,-0.0034374823513497353,2.774599302528559,2.774599302528559
1.0999992685491282,-0.0034374809296821517,2.774598155014919,2.774598155014919
1.1000009255676442,-0.00343748610783973,2.7746023346181685,2.7746023346181685
1.1000010457910194,-0.0034374864835359435,2.7746026378652386,2.7746026378652386
1.0999990779813609,-0.003437480334160787,2.7745976743337124,2.7745976743337124
1.0999990034171814,-0.0034374801011488633,2.7745974862557374,2.7745974862557374
1.1000001754871305,-0.0034374837638495703,2.7746004426423565,2.7746004426423565
1.099999768374297,-0.0034374824916281774,2.774599415755749,2.774599415755749
1.0999995323468605,-0.00343748175404604,2.7745988204087264,2.7745988204087264
1.0999989915313526,-0.0034374800640058303,2.7745974562753553,2.7745974562753553
1.1000009517013274,-0.0034374861895070915,2.774602400536821,2.774602400536821
1.1000008599940394,-0.003437485902923216,2.7746021692176925,2.7746021692176925
1.100000648743271,-0.0034374852427677877,2.7746016363664356,2.7746016363664356
1.0999991213017104,-0.0034374804695362173,2.7745977836033866,2.7745977836033866
1.1000007496676434,-0.003437485558154912,2.774601890934403,2.774601890934403
1.1000006269032923,-0.0034374851745181878,2.7746015812780676,2.7746015812780676
1.0999998685783177,-0.003437482804764213,2.774599668506727,2.774599668506727
1.0999999043288755,-0.003437482916484161,2.7745997586826343,2.7745997586826343
1.1000006262431157,-0.003437485172455146,2.7746015796128622,2.7746015796128622
1.1000002725361748,-0.003437484067126353,2.7746006874353366,2.7746006874353366
1.1000007023710043,-0.0034374854103536366,2.7746017716350804,2.7746017716350804
1.1000009782041968,-0.003437486272328154,2.774602467386695,2.774602467386695
1.1000001180474541,-0.0034374835843514577,2.7746002977586053,2.7746002977586053
1.1000005329150417,-0.003437484880806339,2.7746013442055224,2.7746013442055224
1.1000007293500458,-0.003437485494662729,2.7746018396860332,2.7746018396860332
1.0999993747550547,-0.003437481261574051,2.774598422904886,2.774598422904886
1.100000985319431,-0.0034374862945631525,2.774602485333903,2.774602485333903
1.1000002849178137,-0.0034374841058187854,2.7746007186663326,2.7746007186663326
1.1000008488844089,-0.0034374858682057895,2.774602141195164,2.774602141195164
1.0999993825765144,-0.0034374812860159935,2.7745984426334513,2.7745984426334513
1.1000004880997498,-0.003437484740759236,2.7746012311650596,2.7746012311650596
1.100000900964509,-0.003437486030955308,2.774602272560115,2.774602272560115
1.100000071867956,-0.0034374834400412307,2.7746001812771186,2.7746001812771186
1.1000005027715265,-0.0034374847866083134,2.7746012681726153,2.7746012681726153
1.0999998023850093,-0.0034374825979111346,2.774599501543133,2.774599501543133
1.100000528026334,-0.0034374848655292023,2.774601331874424,2.774601331874424
1.0999991488106142,-0.0034374805555011227,2.7745978529908455,2.7745978529908455
1.100000121192352,-0.003437483594179216,2.7746003056911817,2.7746003056911817
1.1000002973839575,-0.003437484144775295,2.7746007501104804,2.7746007501104804
1.1000005238214872,-0.00343748485238912,2.774601321268271,2.774601321268271
1.1000004852848357,-0.003437484731962672,2.774601224064823,2.774601224064823
1.100000190209171,-0.003437483809855722,2.7746004797766957,2.7746004797766957
1.0999998458398805,-0.003437482733706944,2.7745996111521203,2.7745996111521203
1.099999583884755,-0.0034374819151011737,2.774598950406037,2.774598950406037
1.100000464117278,-0.003437484665814377,2.7746011706725446,2.7746011706725446
1.0999997896796838,-0.0034374825582071866,2.7745994694956826,2.7745994694956826
1.0999991285069242,-0.0034374804920524007,2.774597801777556,2.774597801777556
1.0999993583010053,-0.0034374812101553983,2.7745983814017903,2.7745983814017903
1.099999708486429,-0.003437482304479504,2.7745992646967688,2.7745992646967688
1.099999526863405,-0.0034374817369103258,2.774598806577458,2.774598806577458
1.0999990420050527,-0.0034374802217353724,2.7745975835883807,2.7745975835883807
1.1000009296654076,-0.0034374861206451788,2.774602344954218,2.774602344954218
1.100000154453682,-0.0034374836981203643,2.7746003895883504,2.7746003895883504
1.0999998401022384,-0.0034374827157769,2.7745995966797006,2.7745995966797006
1.0999998477840593,-0.003437482739782473,2.774599616056046,2.774599616056046
1.100000297089006,-0.0034374841438535755,2.7746007493665052,2.7746007493665052
1.1000008396641288,-0.0034374858393925556,2.774602117938265,2.774602117938265
1.0999991182210787,-0.003437480459909291,2.7745977758329134,2.7745977758329134
1.0999994245622562,-0.0034374814172207957,2.7745985485367597,2.7745985485367597
1.1000004259419724,-0.0034374845465171295,2.7746010743805423,2.7746010743805423
1.0999990946198341,-0.0034374803861557616,2.7745977163019924,2.7745977163019924
1.1000007208884253,-0.0034374854682202942,2.7746018183427497,2.7746018183427497
1.0999990153878614,-0.0034374801385570557,2.7745975164501453,2.7745975164501453
1.0999997252787053,-0.0034374823569551113,2.7745993070529957,2.7745993070529957
1.1000008011993283,-0.0034374857191906407,2.774602020916051,2.774602020916051
1.0999994414436995,-0.0034374814699750494,2.7745985911178987,2.7745985911178987
1.1000002614541946,-0.003437484032495334,2.774600659482553,2.774600659482553
1.0999991609923896,-0.0034374805935689845,2.7745978837177123,2.7745978837177123
1.1000008867397415,-0.003437485986503127,2.774602236680079,2.774602236680079
1.0999994060723313,-0.0034374813594400624,2.774598501898445,2.774598501898445
1.1000007747920535,-0.00343748563666831,2.7746019543073013,2.7746019543073013
1.0999992077956475,-0.0034374807398284517,2.7745980017725485,2.7745980017725485
1.1000001439948643,-0.0034374836654367195,2.7746003632074094,2.7746003632074094
1.1000005481140323,-0.0034374849283029525,2.7746013825429032,2.7746013825429032
1.100000567494537,-0.003437484988866734,2.7746014314275835,2.7746014314275835
1.099999038907084,-0.0034374802120542675,2.774597575774177,2.774597575774177
1.0999998046974944,-0.0034374826051376153,2.7745995073760614,2.7745995073760614
1.0999990768464116,-0.0034374803306140875,2.774597671470958,2.774597671470958
1.099999810596205,-0.0034374826235709956,2.7745995222547544,2.7745995222547544
1.0999994907032362,-0.0034374816239103496,2.774598715368363,2.774598715368363
1.1000008715671232,-0.003437485939088926,2.774602198409218,2.774602198409218
1.1000010052419302,-0.0034374863568206585,2.7746025355856903,2.7746025355856903
1.1000006518730003,-0.0034374852525481444,2.7746016442607515,2.7746016442607515
1.100000067246273,-0.003437483425598543,2.774600169619554,2.774600169619554
1.100000234070986,-0.0034374839469232246,2.774600590412143,2.774600590412143
1.0999991265387465,-0.0034374804859018757,2.774597796813096,2.774597796813096
1.100000328788463,-0.0034374842429138954,2.7746008293240627,2.7746008293240627
1.100000638434335,-0.0034374852105525204,2.7746016103635505,2.7746016103635505
1.1000006861811134,-0.0034374853597604737,2.7746017307982878,2.7746017307982878
1.099999102967921,-0.003437480412243406,2.7745977373589032,2.7745977373589032
1.0999992137453949,-0.0034374807584213215,2.774598016779975,2.774598016779975
1.099999399305472,-0.0034374813382937307,2.7745984848299656,2.7745984848299656
1.0999989513879425,-0.0034374799385582856,2.774597355019077,2.774597355019077
1.1000009030474618,-0.0034374860374645037,2.774602277814079,2.774602277814079
1.099999070941233,-0.0034374803121604946,2.77459765657595,2.77459765657595
1.1000002948701624,-0.003437484136919723,2.7746007437697746,2.7746007437697746
1.0999997812073128,-0.003437482531731156,2.7745994481252816,2.7745994481252816
1.1000000349122152,-0.0034374833245551044,2.7746000880613018,2.7746000880613018
1.1000006366327058,-0.0034374852049224563,2.7746016058191865,2.7746016058191865
1.0999989843892921,-0.003437480041687,2.7745974382604817,2.7745974382604817
1.1000008985672634,-0.003437486023463952,2.77460226651339,2.77460226651339
1.0999996854866754,-0.003437482232605625,2.774599206683027,2.774599206683027
1.1000005053587723,-0.003437484794693417,2.77460127469859,2.77460127469859
1.0999996676912582,-0.003437482176995218,2.774599161796514,2.774599161796514
1.100000054008478,-0.003437483384230635,2.774600136229021,2.774600136229021
1.0999993281930533,-0.0034374811160685073,2.7745983054585865,2.7745983054585865
1.0999994037733527,-0.00343748135225579,2.7745984960995855,2.7745984960995855
1.099999376280115,-0.0034374812663398413,2.774598426751642,2.774598426751642
1.0999994799288275,-0.0034374815902404867,2.774598688191386,2.774598688191386
1.09999936245744,-0.003437481223144193,2.7745983918858297,2.7745983918858297
1.099999264743597,-0.003437480917789925,2.7745981454159856,2.7745981454159856
1.1000004144855136,-0.003437484510715871,2.774601045483187,2.774601045483187
1.099999003358923,-0.003437480100966807,2.7745974861087888,2.7745974861087888
1.1000003877404128,-0.0034374844271378383,2.774600978022317,2.774600978022317
1.0999993220007127,-0.0034374810967175377,2.774598289839252,2.774598289839252
1.0999994563406423,-0.003437481516527768,2.7745986286934055,2.7745986286934055
1.0999996967701473,-0.0034374822678663024,2.774599235144046,2.774599235144046
1.0999994529481083,-0.003437481505926151,2.7745986201362007,2.7745986201362007
1.100000344399805,-0.0034374842916991004,2.774600868701544,2.774600868701544
1.1000008895177804,-0.003437485995184456,2.774602243687303,2.774602243687303
1.1000002854289748,-0.0034374841074161556,2.774600719955666,2.774600719955666
1.0999999523769621,-0.0034374830666336984,2.7745998798773805,2.7745998798773805
1.1000004372955245,-0.003437484581996807,2.7746011030183295,2.7746011030183295
1.1000003462122887,-0.0034374842973630844,2.7746008732732874,2.7746008732732874
1.1000005924127256,-0.003437485066735693,2.7746014942803163,2.7746014942803163
1.099999570582098,-0.003437481873530574,2.774598916851899,2.774598916851899
1.1000007963749756,-0.0034374857041146118,2.7746020087472787,2.7746020087472787
1.0999994400847872,-0.003437481465728469,2.7745985876902277,2.7745985876902277
1.099998987208072,-0.003437480050495644,2.7745974453704694,2.7745974453704694
1.0999994939277895,-0.0034374816339870296,2.774598723501859,2.774598723501859
1.1000006671529459,-0.003437485300297741,2.7746016828023303,2.7746016828023303
1.099999756702133,-0.003437482455152843,2.774599386314307,2.774599386314307
1.1000008825740966,-0.0034374859734855497,2.7746022261728074,2.7746022261728074
1.1000000141969974,-0.0034374832598203656,2.77460003580999,2.77460003580999
1.100000706505237,-0.003437485423273051,2.774601782063119,2.774601782063119
1.0999989530254846,-0.0034374799436755797,2.7745973591495536,2.7745973591495536
1.0999999191674827,-0.003437482962854582,2.774599796110998,2.774599796110998
1.099999059331934,-0.003437480275881612,2.774597627293076,2.774597627293076
1.1000006390001698,-0.0034374852123207453,2.7746016117907915,2.7746016117907915
1.1000003657267452,-0.0034374843583454637,2.774600922495843,2.774600922495843
1.0999991907651583,-0.0034374806866084326,2.7745979588154617,2.7745979588154617
1.0999994377251658,-0.0034374814583546876,2.7745985817384042,2.7745985817384042
1.099999081717971,-0.003437480345837636,2.7745976837588016,2.7745976837588016
1.1000007134496488,-0.0034374854449742316,2.7746017995794503,2.7746017995794503
1.0999996259027667,-0.0034374820464068193,2.774599056390742,2.774599056390742
1.100000549223537,-0.0034374849317701374,2.7746013853414775,2.7746013853414775
1.1000003685161825,-0.0034374843670624123,2.774600929531818,2.774600929531818
1.099999794498762,-0.003437482573266732,2.77459948165115,2.77459948165115
1.1000008831653394,-0.0034374859753331746,2.7746022276641367,2.7746022276641367
1.1000006859227527,-0.003437485358953101,2.774601730146608,2.774601730146608
1.099999110317611,-0.0034374804352110748,2.774597755897494,2.774597755897494
1.0999994068653296,-0.003437481361918171,2.774598503898676,2.774598503898676
1.0999997821491077,-0.0034374825346742506,2.7745994505008307,2.7745994505008307
1.1000009206463792,-0.0034374860924608524,2.7746023222049487,2.7746023222049487
1.0999994369639896,-0.0034374814559760235,2.774598579818441,2.774598579818441
1.100000902644864,-0.003437486036206392,2.774602276798581,2.774602276798581
1.0999991090781889,-0.0034374804313379,2.774597752771221,2.774597752771221
1.0999997688674554,-0.00343748249316929,2.774599416999674,2.774599416999674
1.09999927042465,-0.0034374809355431283,2.7745981597456666,2.7745981597456666
1.1000007244154462,-0.0034374854792421808,2.7746018272391786,2.7746018272391786
1.1000007519356565,-0.003437485565242418,2.7746018966551564,2.7746018966551564
1.1000001663075776,-0.003437483735163608,2.774600419488186,2.774600419488186
1.0999992737188333,-0.0034374809458374016,2.7745981680547955,2.7745981680547955
1.0999992665071452,-0.003437480923300986,2.7745981498642953,2.7745981498642953
1.0999991950499186,-0.003437480699998243,2.7745979696231853,2.7745979696231853
1.1000007078921035,-0.003437485427606987,2.7746017855612997,2.7746017855612997
1.0999998051176185,-0.0034374826064504965,2.7745995084357675,2.7745995084357675
1.1000008055071735,-0.0034374857326525915,2.774602031782003,2.774602031782003
1.1000007294340397,-0.003437485494925209,2.7746018398978967,2.7746018398978967
1.10000032666202,-0.0034374842362687934,2.7746008239604008,2.7746008239604008
1.099999697203648,-0.0034374822692209857,2.7745992362374925,2.7745992362374925
1.0999993575885634,-0.003437481207929028,2.7745983796047526,2.7745983796047526
1.099999037368829,-0.0034374802072472442,2.7745975718941387,2.7745975718941387
1.0999992115042372,-0.0034374807514177376,2.77459801112696,2.77459801112696
1.0999993272739323,-0.0034374811131962684,2.774598303140229,2.774598303140229
1.0999995320283467,-0.0034374817530506887,2.7745988196053184,2.7745988196053184
1.100000211896506,-0.003437483877628313,2.774600534480041,2.774600534480041
1.1000003746424694,-0.0034374843862069655,2.7746009449845412,2.7746009449845412
1.1000009957035348,-0.0034374863270133188,2.774602511526389,2.774602511526389
1.0999993894516338,-0.003437481307500637,2.7745984599750027,2.7745984599750027
1.0999998319068478,-0.003437482690166429,2.774599576007945,2.774599576007945
1.1000004783052462,-0.003437484710151561,2.7746012064597596,2.7746012064597596
1.0999996363147977,-0.0034374820789442573,2.7745990826536704,2.7745990826536704
1.1000006556915776,-0.0034374852644811402,2.7746016538925917,2.7746016538925917
1.1000004753393706,-0.0034374847008832453,2.7746011989787434,2.7746011989787434
1.0999991891000005,-0.0034374806814048402,2.7745979546153285,2.7745979546153285
1.0999993028835193,-0.0034374810369765998,2.7745982416187385,2.7745982416187385
1.0999991699822156,-0.0034374806216620536,2.7745979063933226,2.7745979063933226
1.100000389790098,-0.0034374844335430736,2.774600983192369,2.774600983192369