1.1,-0.0017187479019203458,2.7746,2.7746
1.1000006969983684,-0.0017187489909789668,2.774601758083339,2.774601758083339
1.0999997234966388,-0.0017187474698843713,2.7745993025579763,2.7745993025579763
1.0999996438390287,-0.0017187473454195075,2.7745991016325173,2.7745991016325173
1.1000006227162553,-0.001718748874913307,2.774601570716838,2.774601570716838
1.1000005139348394,-0.001718748704942552,2.77460129633055,2.77460129633055
1.1000009016273962,-0.0017187493107114326,2.7746022742321577,2.7746022742321577
1.100000452241147,-0.0017187486085462754,2.7746011407166242,2.7746011407166242
1.099999240176822,-0.001718746714698079,2.774598083449645,2.774598083449645
1.1000005158911923,-0.0017187487079993494,2.7746013012651836,2.7746013012651836
1.100000950402291,-0.0017187493869221125,2.7746023972601783,2.7746023972601783
1.1000001522117113,-0.0017187481397508543,2.7746003839332856,2.7746003839332856
1.0999996912547467,-0.0017187474195064763,2.7745992212322,2.7745992212322
1.1000003070174929,-0.0017187483816345926,2.7746007744097594,2.7746007744097594
1.099999594301722,-0.0017187472680175603,2.7745989766814163,2.7745989766814163
1.0999996863772548,-0.0017187474118854043,2.774599208929392,2.774599208929392
1.0999999613744624,-0.001718747841568017,2.7745999025723482,2.7745999025723482
1.0999991829849822,-0.0017187466253359388,2.7745979391910285,2.7745979391910285
1.1000005625739842,-0.0017187487809411227,2.77460141901616,2.77460141901616
1.1000008964070829,-0.001718749302554703,2.7746022610646293,2.7746022610646293
1.0999989917219293,-0.0017187463264877834,2.774597456756059,2.774597456756059
1.0999992331570374,-0.0017187467037296793,2.774598065743196,2.774598065743196
1.099999112817053,-0.0017187465156986831,2.7745977622019953,2.7745977622019953
1.1000002268580824,-0.0017187482563856666,2.7746005722185774,2.7746005722185774
1.0999998314571946,-0.0017187476385725335,2.774599574873756,2.774599574873756
1.100000570630488,-0.0017187487935293947,2.7746014393375926,2.7746014393375926
1.0999991287769608,-0.0017187465406360086,2.774597802458686,2.774597802458686
1.0999995529312974,-0.0017187472033763503,2.774598872330161,2.774598872330161
1.100000618316758,-0.0017187488680391009,2.7746015596197062,2.7746015596197062
1.1000003107749123,-0.0017187483875055532,2.7746007838873377,2.7746007838873377
1.099999069261428,-0.0017187464476431024,2.7745976523388713,2.7745976523388713
1.099999638297759,-0.0017187473367612839,2.7745990876554196,2.7745990876554196
1.1000003053742755,-0.0017187483790670687,2.7746007702649678,2.7746007702649678
1.0999996570168613,-0.0017187473660098455,2.774599134871803,2.774599134871803
1.0999990066452603,-0.0017187463498054595,2.7745974943981264,2.7745974943981264
1.0999994333016718,-0.0017187470164552886,2.7745985705807437,2.7745985705807437
1.099999967956313,-0.001718747851852146,2.774599919174169,2.774599919174169
1.1000003636906395,-0.0017187484701862762,2.7746009173600434,2.7746009173600434
1.09999970470098,-0.00171874744051619,2.7745992551484897,2.7745992551484897
1.0999992614661522,-0.0017187467479626174,2.774598137149078,2.774598137149078
1.099999387203936,-0.0017187469444276643,2.774598454305491,2.774598454305491
1.09999952016696,-0.0017187471521821355,2.774598789686588,2.774598789686588
1.0999992208132219,-0.0017187466844424911,2.774598034607605,2.774598034607605
1.0999993177798495,-0.0017187468359526616,2.7745982791927,2.7745982791927
1.099998986644522,-0.0017187463185543439,2.774597443948991,2.774597443948991
1.100000139651539,-0.001718748120125609,2.7746003522519636,2.7746003522519636
1.099999344030652,-0.0017187468769694902,2.774598345406769,2.774598345406769
1.1000005492069185,-0.0017187487600551082,2.77460138529956,2.77460138529956
1.10000073245005,-0.0017187490463721519,2.7746018475053713,2.7746018475053713
1.1000002523221493,-0.0017187482961732226,2.774600636448214,2.774600636448214
1.1000006830552198,-0.0017187489691928236,2.7746017229136477,2.7746017229136477
1.099998998248134,-0.0017187463366849657,2.7745974732175203,2.7745974732175203
1.0999997177087837,-0.0017187474608408588,2.774599287958901,2.774599287958901
1.0999990752558033,-0.001718746457009302,2.774597667458865,2.774597667458865
1.1000007864066343,-0.0017187491306792117,2.7746019836034974,2.7746019836034974
1.0999993111447806,-0.001718746825585379,2.774598262456643,2.774598262456643
1.100000006899997,-0.0017187479127015778,2.774600017404301,2.774600017404301
1.1000000777491015,-0.0017187480234031685,2.774600196111506,2.774600196111506
1.0999989741769343,-0.0017187462990737618,2.774597412501201,2.774597412501201
1.0999997176514158,-0.0017187474607512215,2.7745992878141985,2.7745992878141985
1.0999996819675175,-0.0017187474049951983,2.7745991978064306,2.7745991978064306
1.1000000980461175,-0.0017187480551172174,2.7746002473079616,2.7746002473079616
1.100000249635151,-0.0017187482919747928,2.774600629670627,2.774600629670627
1.1000004014515992,-0.0017187485291877038,2.7746010126069156,2.7746010126069156
1.1000007170764894,-0.0017187490223509927,2.7746018087276614,2.7746018087276614
1.0999996120995603,-0.0017187472958266484,2.774599021574036,2.774599021574036
1.1000004584205676,-0.001718748618201608,2.7746011563033695,2.7746011563033695
1.1000008567737225,-0.001718749240627653,2.774602161094882,2.774602161094882
1.100000404401972,-0.0017187485337976554,2.774601020048828,2.774601020048828
1.1000006488312126,-0.001718748915717878,2.774601636588257,2.774601636588257
1.1000007561657341,-0.001718749083427863,2.774601907324951,2.774601907324951
1.0999996704731385,-0.0017187473870352529,2.774599168813427,2.774599168813427
1.1000004005739674,-0.0017187485278164058,2.7746010103932086,2.7746010103932086
1.1000000581703542,-0.0017187479928114132,2.7746001467267862,2.7746001467267862
1.10000079279657,-0.001718749140663474,2.7746019997212388,2.7746019997212388
1.0999994594688343,-0.0017187470573414303,2.774598636583843,2.774598636583843
1.1000008522471647,-0.001718749233554915,2.7746021496772575,2.7746021496772575
1.1000000006027106,-0.0017187479028620799,2.774600001520255,2.774600001520255
1.099999366399346,-0.0017187469119205323,2.77459840182875,2.77459840182875
1.1000009323522628,-0.001718749358718978,2.7746023517314438,2.7746023517314438
1.0999997189239605,-0.00171874746273957,2.7745992910240185,2.7745992910240185
1.1000004561002275,-0.0017187486145760812,2.774601150450628,2.774601150450628
1.099999457674669,-0.0017187470545380504,2.774598632058306,2.774598632058306
1.1000007470703435,-0.0017187490692163324,2.774601884383068,2.774601884383068
1.1000009427982222,-0.0017187493750407698,2.774602378079952,2.774602378079952
1.0999996469755735,-0.0017187473503203527,2.7745991095440234,2.7745991095440234
1.0999996142769035,-0.001718747299228743,2.7745990270660874,2.7745990270660874
1.1000003133359344,-0.0017187483915071453,2.7746007903471663,2.7746007903471663
1.100000968315814,-0.0017187494149119582,2.7746024424445976,2.7746024424445976
1.0999992513463557,-0.0017187467321504546,2.774598111623271,2.774598111623271
1.0999997298390214,-0.001718747479794332,2.7745993185557714,2.7745993185557714
1.1000008161789372,-0.0017187491771983783,2.7746020587000717,2.7746020587000717
1.0999995152662019,-0.0017187471445247104,2.7745987773250937,2.7745987773250937
1.1000003364961348,-0.0017187484276949144,2.774600848765614,2.774600848765614
1.100000169279689,-0.001718748166419537,2.774600426984932,2.774600426984932
1.1000008742399867,-0.0017187492679186574,2.774602205151152,2.774602205151152
1.0999996200609767,-0.0017187473082663465,2.7745990416556237,2.7745990416556237
1.0999990958727979,-0.0017187464892233168,2.7745977194624225,2.7745977194624225
1.099999495918066,-0.0017187471142932852,2.7745987285220597,2.7745987285220597
1.1000005789766125,-0.0017187488065701984,2.7746014603895532,2.7746014603895532
1.1000008798566658,-0.0017187492766947078,2.774602219318459,2.774602219318459
1.1000003089930654,-0.001718748384721421,2.7746007793928715,2.7746007793928715
1.0999990045241756,-0.0017187463464912688,2.77459748904798,2.77459748904798
1.09999991202898,-0.0017187477644657948,2.774599778105098,2.774599778105098
1.1000004379521542,-0.001718748586219751,2.7746011046745878,2.7746011046745878
1.0999993956594438,-0.0017187469576393794,2.774598475633357,2.774598475633357
1.1000008160903418,-0.0017187491770599484,2.774602058476602,2.774602058476602
1.100000438344558,-0.0017187485868328815,2.7746011056643733,2.7746011056643733
1.0999993593717028,-0.0017187469009398533,2.7745983841024784,2.7745983841024784
1.0999997764933152,-0.0017187475526915768,2.7745994362348654,2.7745994362348654
1.0999989917513593,-0.0017187463265337676,2.7745974568302922,2.7745974568302922
1.0999999134207774,-0.0017187477666404756,2.7745997816157173,2.7745997816157173
1.1000002334352108,-0.0017187482666624172,2.774600588808487,2.774600588808487
1.0999994067269976,-0.0017187469749324108,2.774598503549752,2.774598503549752
1.099999128640302,-0.0017187465404224793,2.774597802113983,2.774597802113983
1.0999995989737048,-0.0017187472753175243,2.7745989884658555,2.7745989884658555
1.0999994777088995,-0.0017187470858414974,2.7745986825919204,2.7745986825919204
1.1000007826660188,-0.0017187491248345072,2.774601974168305,2.774601974168305
1.1000000727093882,-0.0017187480155286259,2.7746001833995164,2.7746001833995164
1.0999993053730344,-0.0017187468165670366,2.7745982478982008,2.7745982478982008
1.1000004756400323,-0.0017187486451069889,2.774601199737121,2.774601199737121
1.0999993727108535,-0.0017187469217822505,2.774598417748667,2.774598417748667
1.1000005302344174,-0.0017187487304106115,2.7746013374440133,2.7746013374440133
1.099999499924683,-0.0017187471205536166,2.7745987386282045,2.7745987386282045
1.100000345761513,-0.0017187484421720503,2.774600872136267,2.774600872136267
1.099999580578722,-0.0017187472465753988,2.7745989420670196,2.7745989420670196
1.1000000108154309,-0.0017187479188194358,2.774600027280449,2.774600027280449
1.0999996889100456,-0.0017187474158428854,2.7745992153180112,2.7745992153180112
1.1000001312377865,-0.001718748106979137,2.7746003310294203,2.7746003310294203
1.1000006600159251,-0.0017187489331939696,2.7746016648001683,2.7746016648001683
1.1000003907785447,-0.0017187485125110763,2.774600985685591,2.774600985685591
1.1000003670520264,-0.0017187484754384369,2.774600925838684,2.774600925838684
1.1000004617176609,-0.00171874862335331,2.7746011646198374,2.7746011646198374
1.1000000667306449,-0.001718748006186851,2.7746001683189516,2.7746001683189516
1.1000010355759255,-0.0017187495200057543,2.7746026120990575,2.7746026120990575
1.0999998928982213,-0.0017187477345740206,2.7745997298503675,2.7745997298503675
1.1000000071978122,-0.0017187479131669135,2.7746000181554993,2.7746000181554993
1.09999934092537,-0.0017187468721174936,2.77459833757412,2.77459833757412
1.0999995718135271,-0.0017187472328797984,2.774598919958011,2.774598919958011
1.099999958403838,-0.001718747836926422,2.774599895079353,2.774599895079353
1.0999989966037595,-0.0017187463341156338,2.77459746906981,2.77459746906981
1.100000389856046,-0.001718748511069674,2.774600983358714,2.774600983358714
1.1000003428897034,-0.0017187484376848532,2.774600864892519,2.774600864892519
1.0999999224307693,-0.0017187477807185704,2.7745998043421927,2.7745998043421927
1.1000010308460917,-0.0017187495126153977,2.774602600168696,2.774602600168696
1.0999996107123111,-0.0017187472936590743,2.7745990180748894,2.7745990180748894
1.0999992867959907,-0.0017187467875404414,2.7745982010401415,2.7745982010401415
1.1000004233117895,-0.0017187485633442094,2.7746010677462642,2.7746010677462642
1.100000116457054,-0.0017187480838842704,2.774600293747038,2.774600293747038
1.100000910007189,-0.0017187493238048426,2.774602295369042,2.774602295369042
1.0999998241328546,-0.0017187476271282663,2.774599556399107,2.774599556399107
1.0999998709694578,-0.0017187477003103697,2.7745996745380523,2.7745996745380523
1.0999992904783642,-0.001718746793294143,2.7745982103284264,2.7745982103284264
1.100001007468114,-0.001718749476087352,2.774602541200935,2.774602541200935
1.099999678470293,-0.0017187473995307918,2.774599188985159,2.774599188985159
1.1000008238784487,-0.0017187491892288501,2.774602078121039,2.774602078121039
1.0999997040123914,-0.0017187474394402718,2.774599253411619,2.774599253411619
1.0999998470214922,-0.001718747662891719,2.7745996141325744,2.7745996141325744
1.0999989514012507,-0.0017187462634868,2.7745973550526455,2.7745973550526455
1.1000000857134127,-0.0017187480358473895,2.774600216200395,2.774600216200395
1.1000010396163362,-0.001718749526318888,2.774602622290442,2.774602622290442
1.1000000315648981,-0.0017187479512404387,2.7746000796181507,2.7746000796181507
1.100000269612052,-0.0017187483231886629,2.774600680059636,2.774600680059636
1.099999233821368,-0.0017187467047676945,2.7745980674188795,2.7745980674188795
1.0999993589881454,-0.0017187469003405456,2.7745983831350074,2.7745983831350074
1.0999994742628993,-0.0017187470804571287,2.7745986738998547,2.7745986738998547
1.1000000517467776,-0.001718747982774587,2.77460013052419,2.77460013052419
1.1000006103484405,-0.00171874885558862,2.7746015395207118,2.7746015395207118
1.1000006191582028,-0.0017187488693538565,2.7746015617421356,2.7746015617421356
1.0999994327797464,-0.0017187470156397814,2.7745985692642585,2.7745985692642585
1.099999577779719,-0.001718747242201962,2.7745989350069165,2.7745989350069165
1.1000001400610004,-0.0017187481207653918,2.7746003532847743,2.7746003532847743
1.0999995313097308,-0.001718747169592694,2.774598817792708,2.774598817792708
1.1000000577032,-0.0017187479920814858,2.7746001455484537,2.7746001455484537
1.1000003503607176,-0.0017187484493582986,2.774600883737133,2.774600883737133
1.1000000229933655,-0.0017187479378474352,2.7746000579976284,2.7746000579976284
1.100000740028214,-0.0017187490582130183,2.7746018666202565,2.7746018666202565
1.100000134451583,-0.0017187481120006878,2.774600339135784,2.774600339135784
1.099998968254087,-0.0017187462898193243,2.7745973975616267,2.7745973975616267
1.1000005171483729,-0.0017187487099636918,2.77460130443625,2.77460130443625
1.0999991927188442,-0.0017187466405450794,2.774597963743368,2.774597963743368
1.1000005092048117,-0.0017187486975518925,2.7746012843997003,2.7746012843997003
1.0999996637417913,-0.0017187473765175358,2.7745991518345217,2.7745991518345217
1.0999999926358097,-0.0017187478904138124,2.774599981424834,2.774599981424834
1.1000006213010625,-0.0017187488727020705,2.7746015671472066,2.7746015671472066
1.0999999057567207,-0.0017187477546654014,2.7745997622841787,2.7745997622841787
1.100001006422188,-0.0017187494744530945,2.774602538562729,2.774602538562729
1.0999998967491662,-0.0017187477405911148,2.7745997395638513,2.7745997395638513
1.1000002988763071,-0.0017187483689140052,2.7746007538747284,2.7746007538747284
1.0999996230024498,-0.0017187473128623923,2.774599049075088,2.774599049075088
1.0999994530687485,-0.0017187470473413082,2.7745986204404995,2.7745986204404995
1.1000005240905502,-0.0017187487208108307,2.7746013219469456,2.7746013219469456
1.0999998735637921,-0.0017187477043640118,2.7745996810819067,2.7745996810819067
1.1000001304045235,-0.0017187481056771647,2.7746003289276278,2.7746003289276278
1.0999992271934194,-0.0017187466944115373,2.7745980507007824,2.7745980507007824
1.1000004493426128,-0.001718748604017321,2.7746011334054663,2.7746011334054663
1.0999993473482512,-0.001718746882153233,2.7745983537749614,2.7745983537749614
1.1000006307451853,-0.0017187488874584947,2.774601590968719,2.774601590968719
1.0999998967174356,-0.0017187477405415357,2.774599739483815,2.774599739483815
1.0999999308392532,-0.0017187477938568104,2.7745998255514466,2.7745998255514466
1.100001033100607,-0.0017187495161380734,2.774602605855403,2.774602605855403
1.09999977700184,-0.0017187475534861459,2.7745994375175496,2.7745994375175496
1.0999996041064992,-0.0017187472833375059,2.77459900141263,2.77459900141263
1.0999992399031118,-0.0017187467142704077,2.774598082759249,2.774598082759249
1.0999991710228314,-0.0017187466066451006,2.774597909018134,2.774597909018134
1.1000001227163883,-0.001718748093664468,2.774600309535355,2.774600309535355
1.1000008301896922,-0.0017187491990901561,2.7746020940402905,2.7746020940402905
1.1000009996040656,-0.0017187494637997916,2.7746025213649457,2.7746025213649457
1.1000002412433154,-0.0017187482788625658,2.774600608503366,2.774600608503366
1.1000006995943228,-0.0017187489950351406,2.7746017646312797,2.7746017646312797
1.100000457262612,-0.0017187486163923048,2.7746011533825845,2.7746011533825845
1.1000004202332516,-0.0017187485585339998,2.7746010599810726,2.7746010599810726
1.099999755477519,-0.0017187475198544354,2.7745993832253855,2.7745993832253855
1.100000870138675,-0.0017187492615103655,2.774602194806152,2.774602194806152
1.0999999979546118,-0.0017187478987244304,2.774599994840787,2.774599994840787
1.1000001423362111,-0.0017187481243204042,2.7746003590236827,2.7746003590236827
1.099999201783075,-0.001718746654707923,2.7745979866066546,2.7745979866066546
1.0999994623132126,-0.0017187470617857656,2.774598643758399,2.774598643758399
1.0999998197680667,-0.0017187476203082935,2.774599545389525,2.774599545389525
1.1000008484931099,-0.0017187492276892116,2.7746021402081658,2.7746021402081658
1.1000006794235273,-0.0017187489635183111,2.774601713753199,2.774601713753199
1.0999991483540223,-0.00171874657122513,2.7745978518391547,2.7745978518391547
1.1000002720501758,-0.0017187483269982264,2.7746006862094705,2.7746006862094705
1.1000007393700204,-0.0017187490571845922,2.774601864960053,2.774601864960053
1.1000003506793055,-0.0017187484498560914,2.7746008845407277,2.7746008845407277
1.0999994108252886,-0.001718746981335983,2.7745985138871325,2.7745985138871325
1.0999993634338194,-0.0017187469072869029,2.774598394348614,2.774598394348614
1.099999946026027,-0.0017187478175861158,2.7745998638580134,2.7745998638580134
1.0999991621087828,-0.001718746592716917,2.7745978865336625,2.7745978865336625
1.100000966489882,-0.0017187494120589428,2.774602437838933,2.774602437838933
1.1000004978960536,-0.0017187486798819797,2.7746012558749,2.7746012558749
1.1000000638916978,-0.0017187480017510017,2.774600161158095,2.774600161158095
1.0999995232759552,-0.001718747157039935,2.7745987975286046,2.7745987975286046
1.0999990553941026,-0.0017187464259754326,2.7745976173604334,2.7745976173604334
1.0999989642402568,-0.0017187462835477224,2.774597387437287,2.774597387437287
1.1000006530692301,-0.0017187489223397722,2.774601647278078,2.774601647278078
1.0999992283647309,-0.0017187466962417094,2.7745980536552564,2.7745980536552564
1.100000837790873,-0.0017187492109669866,2.7746021132132324,2.7746021132132324
1.1000001166296303,-0.0017187480841539204,2.774600294182338,2.774600294182338
1.1000003399684735,-0.001718748433120437,2.774600857524115,2.774600857524115
1.0999994000332123,-0.0017187469644733841,2.774598486665591,2.774598486665591
1.1000003119406097,-0.0017187483893269535,2.7746007868276505,2.7746007868276505
1.100000489888172,-0.00171874866736968,2.7746012356761107,2.7746012356761107
1.1000009436672493,-0.0017187493763986229,2.774602380271954,2.774602380271954
1.1000004627161544,-0.0017187486249134545,2.774601167138402,2.774601167138402
1.0999993945899103,-0.0017187469559682353,2.7745984729356046,2.7745984729356046
1.1000001401230666,-0.00171874812086237,2.7746003534413277,2.7746003534413277
1.0999997381069977,-0.001718747492713029,2.774599339410614,2.774599339410614
1.0999992521778892,-0.0017187467334497239,2.774598113720701,2.774598113720701
1.100000909720834,-0.0017187493233574139,2.7746022946467512,2.7746022946467512
1.1000002004421847,-0.0017187482151108768,2.7746005055880776,2.7746005055880776
1.10000040948331,-0.0017187485417372366,2.774601032865811,2.774601032865811
1.0999997600426463,-0.0017187475269874381,2.7745993947402963,2.7745993947402963
1.0999996446670746,-0.0017187473467133274,2.7745991037211497,2.7745991037211497
1.0999991451164108,-0.001718746566166368,2.774597843672721,2.774597843672721
1.1000000174594065,-0.001718747929200635,2.7746000440389715,2.7746000440389715
1.1000006174820762,-0.0017187488667349121,2.774601557514335,2.774601557514335
1.100000644476833,-0.001718748908914168,2.774601625604928,2.774601625604928
1.099999168021789,-0.0017187466019559778,2.774597901448414,2.774597901448414
1.1000007055817276,-0.001718749004390449,2.7746017797336915,2.7746017797336915
1.0999994165001634,-0.0017187469902029638,2.77459852820123,2.77459852820123
1.0999993931333572,-0.0017187469536923737,2.7745984692616474,2.7745984692616474
1.0999993133200556,-0.0017187468289842423,2.774598267943478,2.774598267943478
1.099999252564665,-0.00171874673405406,2.77459811469629,2.77459811469629
1.099998977828135,-0.001718746304778756,2.774597421710857,2.774597421710857
1.100000453975503,-0.0017187486112562034,2.774601145091301,2.774601145091301
1.1000005960979289,-0.0017187488333222226,2.7746015035757394,2.7746015035757394
1.100000853314082,-0.0017187492352219711,2.7746021523684106,2.7746021523684106
1.1000005664163497,-0.0017187487869448118,2.7746014287080034,2.7746014287080034
1.1000005315261878,-0.0017187487324290005,2.774601340702328,2.774601340702328
1.0999999806097185,-0.0017187478716230676,2.7745999510906585,2.7745999510906585
1.1000001837665094,-0.001718748189055166,2.7746004635259607,2.7746004635259607
1.099999573553664,-0.001718747235598759,2.774598924347269,2.774598924347269
1.1000004681290891,-0.0017187486333711545,2.7746011807917914,2.7746011807917914
1.0999998778937448,-0.0017187477111295548,2.774599692003622,2.774599692003622
1.0999991693574172,-0.0017187466040428942,2.774597904817354,2.774597904817354
1.1000004986239702,-0.001718748681019348,2.7746012577109704,2.7746012577109704
1.1000008417976648,-0.001718749217227591,2.774602123319818,2.774602123319818
1.100000733734969,-0.0017187490483798352,2.7746018507464045,2.7746018507464045
1.1000002304945122,-0.0017187482620675814,2.7746005813909758,2.7746005813909758
1.0999994307786312,-0.0017187470125130425,2.774598564216718,2.774598564216718
1.0999991645100402,-0.001718746596468877,2.774597892590507,2.774597892590507
1.0999995337683084,-0.0017187471734342167,2.774598823994135,2.774598823994135
1.1000007125134128,-0.0017187490152211942,2.774601797217923,2.774601797217923
1.0999999761921617,-0.0017187478647206437,2.774599939947974,2.774599939947974
1.1000006889745066,-0.0017187489784416983,2.774601737844242,2.774601737844242
1.0999994853149633,-0.0017187470977259574,2.7745987017771787,2.7745987017771787
1.1000001794511416,-0.0017187481823124119,2.7746004526410335,2.7746004526410335
1.1000003121147148,-0.0017187483895989924,2.774600787266807,2.774600787266807
1.1000006173520784,-0.0017187488665317905,2.774601557186433,2.774601557186433
1.0999997625541307,-0.0017187475309116277,2.7745994010751733,2.7745994010751733
1.0999998866882574,-0.0017187477248709639,2.7745997141865804,2.7745997141865804
1.0999999894595935,-0.0017187478854509806,2.7745999734132614,2.7745999734132614
1.100000222661267,-0.0017187482498281505,2.774600561632683,2.774600561632683
1.0999992747351592,-0.0017187467686954152,2.7745981706183387,2.7745981706183387
1.1000001997781856,-0.0017187482140733794,2.77460050391323,2.77460050391323
1.1000005320998425,-0.0017187487333253347,2.7746013421492934,2.7746013421492934
1.0999993628770828,-0.0017187469064170026,2.774598392944321,2.774598392944321
1.0999993117870406,-0.0017187468265889095,2.774598264076657,2.774598264076657
1.1000001272818105,-0.0017187481007979318,2.77460032105101,2.77460032105101
1.100000879755031,-0.0017187492765359034,2.7746022190620985,2.7746022190620985
1.1000003667250189,-0.0017187484749274882,2.7746009250138517,2.7746009250138517
1.1000000573897781,-0.0017187479915917643,2.7746001447578887,2.7746001447578887
1.1000005306228857,-0.0017187487310175924,2.7746013384238712,2.7746013384238712
1.1000009670987803,-0.0017187494130103454,2.774602439374796,2.774602439374796
1.1000005962218031,-0.0017187488335157757,2.774601503888195,2.774601503888195
1.0999989879032825,-0.001718746320521155,2.774597447124043,2.774597447124043
1.1000000600822784,-0.0017187479957987907,2.7746001515493535,2.7746001515493535
1.1000000441588529,-0.001718747970918469,2.7746001113846845,2.7746001113846845
1.100000203061223,-0.0017187482192031194,2.7746005121942448,2.7746005121942448
1.1000008794076126,-0.0017187492759930631,2.7746022181857835,2.7746022181857835
1.099999587028019,-0.0017187472566524132,2.7745989583344923,2.7745989583344923
1.0999991256167387,-0.0017187465356981676,2.774597794487457,2.774597794487457
1.0999991043969755,-0.001718746502542328,2.774597740963498,2.774597740963498
1.100000439019865,-0.0017187485878880475,2.7746011073677432,2.7746011073677432
1.0999995465848411,-0.0017187471934600245,2.7745988563220907,2.7745988563220907
1.0999990218959068,-0.0017187463736345657,2.7745975328658026,2.7745975328658026
1.0999998882664133,-0.0017187477273368293,2.7745997181672633,2.7745997181672633
1.09999947371945,-0.0017187470796079902,2.774598672529078,2.774598672529078
1.1000000059803876,-0.0017187479112646896,2.7746000150847117,2.7746000150847117
1.1000008392865313,-0.00171874921330395,2.7746021169858266,2.7746021169858266
1.1000002565341847,-0.0017187483027545198,2.7746006470724986,2.7746006470724986
1.1000003003594492,-0.0017187483712314121,2.7746007576157523,2.7746007576157523
1.0999995829517766,-0.001718747250283292,2.774598948052726,2.774598948052726
1.100000384614484,-0.0017187485028797432,2.774600970137588,2.774600970137588
1.1000002336300965,-0.0017187482669669258,2.7746005893000594,2.7746005893000594
1.0999989745852645,-0.0017187462997117773,2.774597413531159,2.774597413531159
1.1000009783772922,-0.0017187494306329985,2.774602467823304,2.774602467823304
1.099999389664672,-0.0017187469482725598,2.7745984605123626,2.7745984605123626
1.1000005445489183,-0.001718748752776992,2.7746013735503894,2.7746013735503894
1.0999993531157084,-0.001718746891164874,2.774598368322586,2.774598368322586
1.1000004022391408,-0.0017187485304182358,2.7746010145933813,2.7746010145933813
1.1000009773811248,-0.001718749429076489,2.774602465310608,2.774602465310608
1.100000497833431,-0.0017187486797841322,2.7746012557169433,2.7746012557169433
1.1000009578833336,-0.0017187493986112272,2.774602416130088,2.774602416130088
1.099999548882972,-0.0017187471970508497,2.7745988621188125,2.7745988621188125
1.1000010399918583,-0.0017187495269056407,2.7746026232376453,2.7746026232376453
1.0999995693235693,-0.001718747228989244,2.7745989136774316,2.7745989136774316
1.099999216953583,-0.0017187466784118126,2.774598024872192,2.774598024872192
1.100000332282102,-0.001718748421110496,2.7746008381362905,2.7746008381362905
1.0999996241312078,-0.0017187473146260748,2.7745990519222263,2.7745990519222263
1.1000004140191333,-0.0017187485488244518,2.7746010443068068,2.7746010443068068
1.0999990629082428,-0.0017187464377162623,2.7745976363138274,2.7745976363138274
1.1000000327867197,-0.0017187479531495325,2.774600082700029,2.774600082700029
1.1000000517038804,-0.0017187479827075601,2.7746001304159877,2.7746001304159877
1.099999590052733,-0.001718747261378523,2.774598965963921,2.774598965963921
1.0999991771414412,-0.001718746616205417,2.774597924451493,2.774597924451493
1.0999995064945407,-0.001718747130819007,2.774598755199775,2.774598755199775
1.0999989617102395,-0.001718746279594575,2.7745973810556634,2.7745973810556634
1.099999910419362,-0.0017187477619507697,2.774599774045056,2.774599774045056
1.1000001216576887,-0.001718748092010252,2.7746003068649294,2.7746003068649294
1.100000599685459,-0.0017187488389277313,2.7746015126247943,2.7746015126247943
1.099999346170302,-0.0017187468803126897,2.7745983508037453,2.7745983508037453
1.100000415808876,-0.0017187485516209214,2.7746010488211885,2.7746010488211885
1.100001037438899,-0.0017187495229166467,2.7746026167981537,2.7746026167981537
1.1000003864571848,-0.0017187485057589599,2.77460097478555,2.77460097478555
1.100000920041924,-0.0017187493394840972,2.774602320680293,2.774602320680293
1.0999992025677259,-0.0017187466559339384,2.774597988585829,2.774597988585829
1.0999991510766478,-0.0017187465754792272,2.7745978587066062,2.7745978587066062
1.0999997438909734,-0.00171874750175048,2.774599353999904,2.774599353999904
1.0999991271679797,-0.0017187465381219786,2.774597798400251,2.774597798400251
1.1000007675214265,-0.0017187491011711107,2.7746019359681364,2.7746019359681364
1.099999752014698,-0.0017187475144437843,2.774599374490892,2.774599374490892
1.0999990630557366,-0.0017187464379467212,2.7745976366858605,2.7745976366858605
1.0999997214255819,-0.0017187474666483485,2.7745992973340172,2.7745992973340172
1.0999990118625764,-0.0017187463579575062,2.774597507558095,2.774597507558095
1.1000009483094977,-0.0017187493836521269,2.7746023919813925,2.7746023919813925
1.100000749051816,-0.0017187490723123795,2.7746018893810622,2.7746018893810622
1.100000356654093,-0.0017187484591916855,2.7746008996113143,2.7746008996113143
1.0999998144135683,-0.0017187476119419,2.774599531883533,2.774599531883533
1.0999992823097158,-0.0017187467805306455,2.7745981897241245,2.7745981897241245
1.1000001370076085,-0.0017187481159944725,2.774600345583009,2.774600345583009
1.0999997114044016,-0.0017187474509902736,2.774599272056957,2.774599272056957
1.1000001285347611,-0.0017187481027556648,2.7746003242114075,2.7746003242114075
1.1000004257794769,-0.0017187485671999662,2.7746010739706692,2.7746010739706692
1.1000001948273244,-0.0017187482063376683,2.774600491425358,2.774600491425358
1.1000005722757251,-0.0017187487961000745,2.774601443487479,2.774601443487479
1.099999429788191,-0.0017187470109654816,2.774598561718468,2.774598561718468
1.100000457136627,-0.0017187486161954536,2.774601153064805,2.774601153064805
1.1000003553173288,-0.0017187484571029943,2.7746008962395092,2.7746008962395092
1.0999995291960458,-0.0017187471662900653,2.774598812461226,2.774598812461226
1.099999128216382,-0.001718746539760105,2.7745978010447025,2.7745978010447025
1.099999633722822,-0.0017187473296129533,2.7745990761157646,2.7745990761157646
1.1000006817340193,-0.0017187489671284507,2.7746017195811,2.7746017195811
1.099999590761666,-0.0017187472624862292,2.774598967752107,2.774598967752107
1.1000008778872639,-0.0017187492736175209,2.774602214350911,2.774602214350911
1.0999999455887401,-0.001718747816902856,2.7745998627550166,2.7745998627550166
1.0999995474621627,-0.0017187471948308382,2.774598858535015,2.774598858535015
1.0999999659455602,-0.0017187478487103484,2.774599914102319,2.774599914102319
1.1000006318017779,-0.0017187488891094187,2.7746015936338297,2.7746015936338297
1.0999999363392206,-0.0017187478024504991,2.7745998394243645,2.7745998394243645
1.0999998864969416,-0.0017187477245720333,2.774599713704012,2.774599713704012
1.0999998942200413,-0.0017187477366393618,2.7745997331844783,2.7745997331844783
1.0999995833994518,-0.0017187472509827837,2.774598949181926,2.774598949181926
1.10000081771393,-0.0017187491795968015,2.7746020625718817,2.7746020625718817
1.099999949998365,-0.0017187478237928864,2.774599873877694,2.774599873877694
1.0999996627741182,-0.0017187473750055486,2.774599149393698,2.774599149393698
1.100000315512307,-0.0017187483949077237,2.77460079583677,2.77460079583677
1.0999992597196244,-0.0017187467452336707,2.7745981327436997,2.7745981327436997
1.100000159464285,-0.0017187481510829868,2.7746004022269135,2.7746004022269135
1.1000008001606667,-0.001718749152169861,2.7746020182961684,2.7746020182961684
1.0999995652334227,-0.001718747222598398,2.774598903360595,2.774598903360595
1.1000004360062487,-0.0017187485831792778,2.774601099766307,2.774601099766307
1.0999997700914896,-0.0017187475426887365,2.7745994200871333,2.7745994200871333
1.0999990883549036,-0.0017187464774766213,2.7745977004995592,2.7745977004995592
1.1000008570350972,-0.0017187492410360502,2.7746021617541636,2.7746021617541636
1.0999997913324087,-0.0017187475758776321,2.774599473664455,2.774599473664455
1.0999999006382637,-0.0017187477466678223,2.7745997493735692,2.7745997493735692
1.0999991011599943,-0.0017187464974845513,2.7745977327986546,2.7745977327986546
1.0999990855259032,-0.0017187464730563137,2.7745976933637917,2.7745976933637917
1.1000004781641612,-0.0017187486490509356,2.7746012061038923,2.7746012061038923
1.0999994079889315,-0.0017187469769041803,2.7745985067328083,2.7745985067328083
1.1000002112578477,-0.00171874823201033,2.7746005328691132,2.7746005328691132
1.0999992372557563,-0.0017187467101339197,2.7745980760816558,2.7745980760816558
1.099999202870148,-0.0017187466564064723,2.7745979893486474,2.7745979893486474
1.0999991156083744,-0.0017187465200601175,2.774597769242723,2.774597769242723
1.1000003963457217,-0.0017187485212097795,2.7746009997280354,2.7746009997280354
1.100000755503039,-0.0017187490823924033,2.774601905653393,2.774601905653393
1.1000000973531354,-0.001718748054034434,2.7746002455600083,2.7746002455600083
1.0999996565746006,-0.0017187473653188141,2.7745991337562605,2.7745991337562605
1.1000006963594802,-0.0017187489899807052,2.77460175647183,2.77460175647183
1.099999694179463,-0.00171874742407634,2.7745992286093983,2.7745992286093983
1.0999991541444352,-0.001718746580272639,2.7745978664446813,2.7745978664446813
1.09999925119715,-0.0017187467319173208,2.77459811124692,2.77459811124692
1.0999995108662801,-0.0017187471376498415,2.774598766226892,2.774598766226892
1.1000005212645614,-0.0017187487163952285,2.7746013148187743,2.7746013148187743
1.100000598562164,-0.0017187488371725851,2.7746015097914363,2.7746015097914363
1.1000002572077394,-0.001718748303806948,2.7746006487714485,2.7746006487714485
1.0999997255522662,-0.0017187474730962849,2.7745993077430158,2.7745993077430158
1.0999992787264885,-0.0017187467749318595,2.7745981806859223,2.7745981806859223
1.1000001290113175,-0.001718748103500283,2.7746003254134557,2.7746003254134557
1.0999993960719567,-0.00171874695828393,2.7745984766738645,2.7745984766738645
1.0999991668267917,-0.0017187466000887967,2.774597898434196,2.774597898434196
1.0999999700726422,-0.001718747855158906,2.7745999245123203,2.7745999245123203
1.100000484474174,-0.0017187486589103182,2.774601222020039,2.774601222020039
1.100000046144833,-0.001718747974021559,2.774600116394048,2.774600116394048
1.0999995339397108,-0.0017187471737020326,2.774598824426474,2.774598824426474
1.1000001468781269,-0.0017187481314171389,2.774600370480046,2.774600370480046
1.1000003529283509,-0.0017187484533702205,2.774600890213638,2.774600890213638
1.1000001917843019,-0.0017187482015829515,2.7746004837497487,2.7746004837497487
1.1000004349802894,-0.0017187485815762184,2.7746010971784645,2.7746010971784645
1.0999993100052203,-0.0017187468238048184,2.774598259582258,2.774598259582258
1.0999997132982213,-0.0017187474539493632,2.7745992768338583,2.7745992768338583
1.1000005257867405,-0.0017187487234611248,2.7746013262253544,2.7746013262253544
1.099999227516736,-0.0017187466949167192,2.774598051516305,2.774598051516305
1.1000004507093633,-0.0017187486061528662,2.774601136852908,2.774601136852908
1.1000004473025438,-0.001718748600829717,2.7746011282596705,2.7746011282596705
1.0999993879124408,-0.001718746945534702,2.774598456092598,2.774598456092598
1.0999995742070738,-0.0017187472366197107,2.7745989259954063,2.7745989259954063
1.0999999499963113,-0.0017187478237896774,2.7745998738725137,2.7745998738725137
1.0999999149571003,-0.001718747769040977,2.774599785490882,2.774599785490882
1.099999653142654,-0.001718747359956404,2.774599125099643,2.774599125099643
1.0999996320597825,-0.0017187473270144577,2.7745990719209748,2.7745990719209748
1.100000913070857,-0.0017187493285918181,2.7746023030967266,2.7746023030967266
1.1000004305801143,-0.0017187485747009528,2.7746010860796226,2.7746010860796226
1.0999996111161705,-0.0017187472942901039,2.7745990190935697,2.7745990190935697
1.1000004684219098,-0.0017187486338286861,2.7746011815303913,2.7746011815303913
1.099999737117472,-0.001718747491166897,2.77459933691467,2.77459933691467
1.0999996890263974,-0.0017187474160246848,2.774599215611493,2.774599215611493
1.1000007138807975,-0.00171874901735773,2.774601800666964,2.774601800666964
1.0999997214363544,-0.0017187474666651805,2.7745992973611897,2.7745992973611897
1.0999992962972789,-0.0017187468023861859,2.7745982250058447,2.7745982250058447
1.1000002157188498,-0.001718748238980637,2.774600544121382,2.774600544121382
1.0999993130607768,-0.0017187468285791195,2.7745982672894827,2.7745982672894827
1.1000002491437522,-0.0017187482912069832,2.7746006284311404,2.7746006284311404
1.1000000930082778,-0.0017187480472456024,2.7746002346006975,2.7746002346006975
1.1000008059676787,-0.0017187491612433064,2.7746020329435646,2.7746020329435646
1.1000009934638717,-0.0017187494542057504,2.774602505877144,2.774602505877144
1.1000009428709068,-0.0017187493751543393,2.774602378263289,2.774602378263289
1.0999997690215864,-0.0017187475410170147,2.774599417388448,2.774599417388448
1.1000003666040254,-0.0017187484747384363,2.7746009247086625,2.7746009247086625
1.100000053049644,-0.0017187479848103134,2.774600133810493,2.774600133810493
1.0999992866152084,-0.0017187467872579695,2.7745982005841427,2.7745982005841427
1.0999994824625696,-0.0017187470932690978,2.774598694582405,2.774598694582405
1.1000004561190193,-0.0017187486146054433,2.774601150498028,2.774601150498028
1.0999996432315848,-0.0017187473444703776,2.774599100100323,2.774599100100323
1.1000007096319462,-0.0017187490107189083,2.7746017899498163,2.7746017899498163
1.1000007720393996,-0.001718749108230435,2.774601947364107,2.774601947364107
1.0999990193621725,-0.0017187463696756104,2.774597526474803,2.774597526474803
1.0999991329856136,-0.0017187465472120207,2.7745978130744393,2.7745978130744393
1.100000354138127,-0.0017187484552604933,2.7746008932651334,2.7746008932651334
1.1000002949899585,-0.0017187483628415931,2.774600744071944,2.774600744071944
1.0999993254293932,-0.001718746847905059,2.774598298487631,2.774598298487631
1.1000007060333048,-0.0017187490050960376,2.7746017808727337,2.7746017808727337
1.1000002668188353,-0.001718748318824267,2.774600673014128,2.774600673014128
1.099999593806336,-0.0017187472672435204,2.7745989754318723,2.7745989754318723
1.0999995787284687,-0.0017187472436843813,2.774598937400008,2.774598937400008
1.100000097847716,-0.0017187480548072152,2.7746002468075206,2.7746002468075206
1.1000008427607961,-0.0017187492187324823,2.774602125749186,2.774602125749186
1.1000008431234611,-0.0017187492192991456,2.774602126663959,2.774602126663959
1.0999993628010247,-0.001718746906298162,2.774598392752475,2.774598392752475
1.100000599107472,-0.0017187488380246278,2.774601511166901,2.774601511166901
1.1000001025667758,-0.001718748062180737,2.7746002587107053,2.7746002587107053
1.099999756426192,-0.0017187475213367354,2.774599385618284,2.774599385618284
1.0999995481766887,-0.0017187471959472834,2.774598860337309,2.774598860337309
1.099999735306769,-0.0017187474883376768,2.7745993323474187,2.7745993323474187
1.100000558454701,-0.001718748774504751,2.77460140862583,2.77460140862583
1.100000418983436,-0.0017187485565811655,2.7746010568285833,2.7746010568285833
1.1000004199830717,-0.0017187485581430942,2.7746010593500277,2.7746010593500277
1.1000001980367615,-0.0017187482113524078,2.7746004995207256,2.7746004995207256
1.0999991780040999,-0.0017187466175533196,2.774597926627432,2.774597926627432
1.1000001574177032,-0.0017187481478852067,2.77460039706469,2.77460039706469
1.099999659337229,-0.0017187473696354157,2.774599140724614,2.774599140724614
1.100000730959218,-0.0017187490440427294,2.7746018437449504,2.7746018437449504
1.1000000728580916,-0.0017187480157609748,2.774600183774601,2.774600183774601
1.0999993227397336,-0.001718746843702471,2.774598291703331,2.774598291703331
1.100000826854694,-0.0017187491938792277,2.774602085628212,2.774602085628212
1.0999993596099593,-0.0017187469013121284,2.774598384703448,2.774598384703448
1.0999993184480403,-0.0017187468369967086,2.7745982808781204,2.7745982808781204
1.099999032056951,-0.0017187463895111778,2.774597558495651,2.774597558495651
1.099999304366434,-0.0017187468149942257,2.7745982453591886,2.7745982453591886
1.099999078920686,-0.0017187464627356742,2.774597676703032,2.774597676703032
1.0999996256239486,-0.0017187473169584793,2.774599055687461,2.774599055687461
1.0999999787680792,-0.00171874786874551,2.774599946445375,2.774599946445375
1.1000001487123459,-0.0017187481342831024,2.7746003751066133,2.7746003751066133
1.1000007171818018,-0.0017187490225155431,2.7746018089932973,2.7746018089932973
1.099999794988567,-0.0017187475815903725,2.774599482886616,2.774599482886616
1.0999993836684818,-0.0017187469389035239,2.7745984453877903,2.7745984453877903
1.1000002089236234,-0.0017187482283631086,2.77460052698135,2.77460052698135
1.099999967807507,-0.0017187478516196366,2.774599918798826,2.774599918798826
1.0999992528764782,-0.0017187467345412678,2.7745981154827963,2.7745981154827963
1.0999992425789507,-0.0017187467184514007,2.7745980895086877,2.7745980895086877
1.1000010367648192,-0.001718749521863398,2.774602615097879,2.774602615097879
1.100000169931642,-0.0017187481674382121,2.774600428629394,2.774600428629394
1.1000006503046942,-0.00171874891802019,2.774601640304913,2.774601640304913
1.0999990135629558,-0.0017187463606143456,2.77459751184707,2.77459751184707
1.1000009350543192,-0.0017187493629409359,2.7746023585470128,2.7746023585470128
1.100000006767075,-0.0017187479124938876,2.774600017069024,2.774600017069024
1.1000004865582207,-0.0017187486621666373,2.7746012272767624,2.7746012272767624
1.1000010361817885,-0.0017187495209524137,2.7746026136272635,2.7746026136272635
1.0999991434868541,-0.0017187465636201889,2.7745978395623867,2.7745978395623867
1.0999991708743255,-0.0017187466064130606,2.7745979086435484,2.7745979086435484
1.0999999882016886,-0.0017187478834855066,2.774599970240368,2.774599970240368
1.1000009806810607,-0.0017187494342326326,2.7746024736342463,2.7746024736342463
1.0999997929951557,-0.0017187475784756713,2.774599477858508,2.774599477858508
1.0999996544529562,-0.0017187473620037489,2.774599128404702,2.774599128404702
1.099999543011294,-0.0017187471878763643,2.774598847308306,2.774598847308306
1.0999993353428834,-0.0017187468633948688,2.7745983234930587,2.7745983234930587
1.1000010421212316,-0.0017187495302327823,2.774602628608699,2.774602628608699
1.0999999055352156,-0.0017187477543193002,2.774599761725463,2.774599761725463
1.1000002144084644,-0.001718748236933162,2.7746005408161136,2.7746005408161136
1.1000002296636233,-0.0017187482607693189,2.7746005792951713,2.7746005792951713
1.1000005461766162,-0.0017187487553202668,2.774601377656036,2.774601377656036
1.0999989909487737,-0.0017187463252797293,2.7745974548058796,2.7745974548058796
1.0999998779938691,-0.001718747711285999,2.774599692256172,2.774599692256172
1.099999122608321,-0.0017187465309975206,2.774597786899134,2.774597786899134
1.099999907516354,-0.0017187477574148252,2.774599766722614,2.774599766722614
1.1000003866701706,-0.0017187485060917499,2.7746009753227776,2.7746009753227776
1.100000038858463,-0.0017187479626366198,2.7746000980151737,2.7746000980151737
1.0999993477226524,-0.0017187468827382342,2.7745983547193376,2.7745983547193376
1.099999240740468,-0.001718746715578775,2.7745980848713656,2.7745980848713656
1.0999997973508644,-0.001718747585281458,2.7745994888451895,2.7745994888451895
1.0999993452765475,-0.0017187468789161997,2.7745983485493713,2.7745983485493713
1.0999992720123601,-0.0017187467644410469,2.7745981637504493,2.7745981637504493
1.1000006992703497,-0.0017187489945289331,2.774601763814102,2.774601763814102
1.0999998748517925,-0.0017187477063765103,2.7745996843307124,2.7745996843307124
1.0999991162620473,-0.00171874652108148,2.7745977708915235,2.7745977708915235
1.1000009993586033,-0.001718749463416257,2.7746025207458,2.7746025207458
1.0999998411280267,-0.0017187476536831903,2.7745995992671113,2.7745995992671113
1.099999737387355,-0.0017187474915885887,2.774599337595413,2.774599337595413
1.1000003204669435,-0.0017187484026493338,2.774600808334165,2.774600808334165
1.0999998497247077,-0.001718747667115488,2.774599620951067,2.774599620951067
1.0999995284800124,-0.0017187471651712643,2.774598810655129,2.774598810655129
1.0999992092675213,-0.0017187466664023558,2.7745980054851493,2.7745980054851493
1.0999992782825907,-0.0017187467742382702,2.774598179566251,2.774598179566251
1.0999996004891872,-0.0017187472776854626,2.774598992288453,2.774598992288453
1.0999994069958439,-0.001718746975352483,2.7745985042278805,2.7745985042278805
1.1000007817652697,-0.0017187491234270885,2.7746019718962884,2.7746019718962884
1.0999992210652958,-0.001718746684836356,2.774598035243427,2.774598035243427
1.099999084814073,-0.0017187464719440803,2.7745976915682973,2.7745976915682973
1.1000003127900984,-0.0017187483906542778,2.7746007889703694,2.7746007889703694
1.0999996430881755,-0.0017187473442463006,2.7745990997385923,2.7745990997385923
1.0999991936794948,-0.0017187466420460942,2.7745979661664784,2.7745979661664784
1.1000005602323395,-0.0017187487772823077,2.774601413109681,2.774601413109681
1.0999993944217354,-0.0017187469557054624,2.774598472511406,2.774598472511406
1.1000007808501016,-0.00171874912199714,2.774601969587901,2.774601969587901
1.0999997760312246,-0.001718747551969561,2.774599435069305,2.774599435069305
1.099999434009741,-0.0017187470175616456,2.774598572366752,2.774598572366752
1.100000458495254,-0.0017187486183183058,2.774601156491756,2.774601156491756
1.0999991041166788,-0.001718746502104365,2.7745977402564876,2.7745977402564876
1.1000005303404807,-0.0017187487305763353,2.7746013377115433,2.7746013377115433
1.1000005079455168,-0.0017187486955842469,2.7746012812233007,2.7746012812233007
1.100000915450154,-0.001718749332309465,2.774602309098179,2.774602309098179
1.1000003884397092,-0.0017187485088566504,2.774600979786197,2.774600979786197
1.100000729651431,-0.0017187490419993147,2.7746018404462363,2.7746018404462363
1.0999991384768526,-0.0017187465557920712,2.774597826925341,2.774597826925341
1.0999995212928844,-0.0017187471539413903,2.7745987925265787,2.7745987925265787
1.100000243025173,-0.001718748281646715,2.7746006129978587,2.7746006129978587
1.100000216718126,-0.0017187482405420043,2.77460054664192,2.77460054664192
1.0999991135729792,-0.0017187465168798162,2.774597764108716,2.774597764108716
1.1000010240023153,-0.0017187495019220101,2.774602582906203,2.774602582906203
1.0999990825858432,-0.0017187464684624754,2.774597685947891,2.774597685947891
1.1000007451765508,-0.001718749066257285,2.774601879606234,2.774601879606234
1.1000000316451188,-0.0017187479513657835,2.774600079820497,2.774600079820497
1.1000002306334173,-0.0017187482622846204,2.7746005817413453,2.7746005817413453
1.1000009039222038,-0.001718749314297065,2.774602280020497,2.774602280020497
1.100000583759439,-0.0017187488140433557,2.7746014724535812,2.7746014724535812
1.0999991964605134,-0.0017187466463914306,2.7745979731812187,2.7745979731812187
1.09999914229943,-0.0017187465617648408,2.774597836567271,2.774597836567271
1.1000009941827078,-0.0017187494553289303,2.7746025076903096,2.7746025076903096
1.0999999921945434,-0.0017187478897243346,2.7745999803118,2.7745999803118
1.100000698554268,-0.001718748993410057,2.7746017620078836,2.7746017620078836
1.1000006209716198,-0.0017187488721873171,2.7746015663162327,2.7746015663162327
1.1000001208335528,-0.0017187480907225414,2.7746003047861594,2.7746003047861594
1.1000008620667687,-0.0017187492488980275,2.7746021744458695,2.7746021744458695
1.0999990796038612,-0.0017187464638031345,2.7745976784262485,2.7745976784262485
1.100000874950782,-0.0017187492690292734,2.7746022069440355,2.7746022069440355
1.0999991215625242,-0.0017187465293634651,2.7745977842612537,2.7745977842612537
1.0999993781340727,-0.0017187469302560204,2.774598431427998,2.774598431427998
1.100000950765366,-0.0017187493874894165,2.7746023981759858,2.7746023981759858
1.0999992623641264,-0.0017187467493657,2.7745981394140955,2.7745981394140955
1.0999998919977612,-0.0017187477331670536,2.77459972757908,2.77459972757908
1.0999995141659975,-0.0017187471428056435,2.7745987745499785,2.7745987745499785
1.0999993485852406,-0.0017187468840860268,2.774598356895099,2.774598356895099
1.0999989538057675,-0.0017187462672438529,2.7745973611177113,2.7745973611177113
1.099999238144253,-0.0017187467115221938,2.774598078322767,2.774598078322767
1.0999997236238397,-0.0017187474700831222,2.774599302878823,2.774599302878823
1.1000008276333229,-0.001718749195095834,2.7746020875921973,2.7746020875921973
1.0999993502426015,-0.0017187468866756497,2.774598361075565,2.774598361075565
1.0999999964547298,-0.0017187478963808676,2.774599991057539,2.774599991057539
1.0999997064241602,-0.001718747443208656,2.774599259494977,2.774599259494977
1.0999991358165873,-0.0017187465516354113,2.774597820215184,2.774597820215184
1.0999995505086075,-0.001718747199590902,2.7745988662192564,2.7745988662192564
1.1000009248564995,-0.001718749347006862,2.7746023328244025,2.7746023328244025
1.1000008995140667,-0.001718749307409359,2.7746022689015715,2.7746022689015715
1.0999990376610205,-0.001718746398267526,2.7745975726311523,2.7745975726311523
1.09999945925424,-0.001718747057006127,2.7745986360425583,2.7745986360425583
1.1000010077800082,-0.0017187494765746863,2.7746025419876457,2.7746025419876457
1.1000008536598962,-0.0017187492357623054,2.77460215324068,2.77460215324068
1.0999998807202978,-0.0017187477155460383,2.7745996991332165,2.7745996991332165
1.099999518307145,-0.0017187471492761785,2.7745987849954585,2.7745987849954585
1.100000434627697,-0.0017187485810252934,2.774601096289098,2.774601096289098
1.0999990052760285,-0.0017187463476660372,2.7745974909444255,2.7745974909444255
1.100000403623347,-0.0017187485325810554,2.774601018084853,2.774601018084853
1.0999995454600213,-0.001718747191702496,2.7745988534848864,2.7745988534848864
1.1000001282786667,-0.0017187481023555177,2.774600323565444,2.774600323565444
1.099999380945014,-0.0017187469346481106,2.774598438518214,2.774598438518214
1.0999992939338117,-0.0017187467986932731,2.7745982190443215,2.7745982190443215
1.0999989822447518,-0.0017187463116797115,2.774597432851171,2.774597432851171
1.1000004114438968,-0.0017187485448006497,2.7746010378111237,2.7746010378111237
1.1000009628096266,-0.001718749406308551,2.7746024285559905,2.7746024285559905
1.0999999081609193,-0.001718747758421957,2.774599768348442,2.774599768348442
1.1000008403916475,-0.001718749215030692,2.7746021197733315,2.7746021197733315
1.1000001568511526,-0.0017187481469999725,2.7746003956356438,2.7746003956356438
1.1000001152578327,-0.0017187480820104893,2.7746002907221654,2.7746002907221654
1.0999997769064656,-0.0017187475533371234,2.7745994372769807,2.7745994372769807
1.100000360587607,-0.0017187484653377939,2.7746009095330675,2.7746009095330675
1.0999994304510392,-0.0017187470120011807,2.7745985633904118,2.7745985633904118
1.0999991340975863,-0.0017187465489494759,2.7745978158792393,2.7745978158792393
1.1000007981826034,-0.0017187491490791413,2.774602013306774,2.774602013306774
1.0999993727133035,-0.0017187469217860786,2.774598417754847,2.774598417754847
1.1000009186648554,-0.00171874933733243,2.774602317206825,2.774602317206825
1.0999999656649087,-0.0017187478482718309,2.774599913394414,2.774599913394414
1.099999593894511,-0.0017187472673812936,2.774598975654282,2.774598975654282
1.1000003599811252,-0.0017187484643901671,2.7746009080032996,2.7746009080032996
1.100001022049769,-0.0017187494988711602,2.7746025779811716,2.7746025779811716
1.0999991326600873,-0.0017187465467033863,2.7745978122533432,2.7745978122533432
1.0999995867404166,-0.0017187472562030348,2.7745989576090544,2.7745989576090544
1.1000005729004159,-0.0017187487970761527,2.774601445063176,2.774601445063176
1.0999991639167903,-0.0017187465955419252,2.7745978910941145,2.7745978910941145
1.0999992497381341,-0.0017187467296376111,2.7745981075667516,2.7745981075667516
1.0999999046452784,-0.001718747752928775,2.7745997594807172,2.7745997594807172
1.1000009072211725,-0.0017187493194516972,2.774602288341695,2.774602288341695
1.0999995609371982,-0.0017187472158855552,2.774598892523954,2.774598892523954
1.0999993518777325,-0.0017187468892305388,2.77459836519996,2.77459836519996
1.0999992405388526,-0.0017187467152637514,2.774598084362818,2.774598084362818
1.0999994139824802,-0.0017187469862690887,2.7745985218507174,2.7745985218507174
1.1000002923608179,-0.001718748358733566,2.774600737440296,2.774600737440296
1.100000424821422,-0.001718748565703007,2.7746010715541063,2.7746010715541063
1.0999999720117242,-0.001718747858188718,2.7745999294033905,2.7745999294033905
1.100000635049822,-0.0017187488941844812,2.774601601826578,2.774601601826578
1.099999835477784,-0.001718747644854697,2.774599585015145,2.774599585015145
1.0999999712834272,-0.0017187478570507555,2.774599927566361,2.774599927566361
1.100000157141961,-0.0017187481474543601,2.774600396369168,2.774600396369168
1.099999015945687,-0.0017187463643373584,2.7745975178571842,2.7745975178571842
1.0999995450227693,-0.0017187471910192905,2.7745988523819776,2.7745988523819776
1.1000002348034645,-0.001718748268800311,2.7746005922597203,2.7746005922597203
1.0999989979851954,-0.0017187463362741246,2.7745974725542935,2.7745974725542935
1.1000005758385707,-0.001718748801667014,2.774601452474271,2.774601452474271
1.1000001193594287,-0.001718748088419225,2.774600301067882,2.774600301067882
1.0999997322651454,-0.0017187474835851457,2.774599324675338,2.774599324675338
1.100000316628342,-0.001718748396651526,2.7746007986518157,2.7746007986518157
1.0999997024492352,-0.0017187474369978431,2.7745992494687703,2.7745992494687703
1.1000000808991475,-0.0017187480283251094,2.7746002040570676,2.7746002040570676
1.0999990565979008,-0.0017187464278563649,2.77459762039685,2.77459762039685
1.0999991811860406,-0.0017187466225250957,2.7745979346534435,2.7745979346534435
1.1000001643773956,-0.0017187481587597126,2.774600414619565,2.774600414619565
1.0999991998425718,-0.00171874665167589,2.7745979817119992,2.7745979817119992
1.0999997122115543,-0.0017187474522514482,2.774599274092889,2.774599274092889
1.0999997766015257,-0.0017187475528606555,2.7745994365078115,2.7745994365078115
1.099999110440698,-0.001718746511985633,2.7745977562079642,2.7745977562079642
1.100000605411329,-0.0017187488478743924,2.774601527067521,2.774601527067521
1.1000000914714563,-0.0017187480448443218,2.774600230724275,2.774600230724275
1.0999992786610575,-0.0017187467748296238,2.774598180520882,2.774598180520882
1.0999999308594786,-0.0017187477938884128,2.7745998256024627,2.7745998256024627
1.099998955259017,-0.0017187462695145523,2.7745973647833346,2.7745973647833346
1.1000004276398112,-0.001718748570106735,2.774601078663109,2.774601078663109
1.099999918148688,-0.0017187477740278267,2.7745997935412268,2.7745997935412268
1.1000005905878625,-0.0017187488247127542,2.7746014896773477,2.7746014896773477
1.0999991935550373,-0.0017187466418516297,2.7745979658525513,2.7745979658525513
1.09999978108826,-0.0017187475598711695,2.774599447824987,2.774599447824987
1.100000815397829,-0.001718749175977898,2.7746020567298326,2.7746020567298326
1.0999997379584214,-0.0017187474924808788,2.7745993390358508,2.7745993390358508
1.1000007840410526,-0.001718749126982995,2.77460197763664,2.77460197763664
1.1000006709245647,-0.0017187489502386983,2.7746016923157244,2.7746016923157244
1.1000008254924478,-0.0017187491917507207,2.774602082192132,2.774602082192132
1.099999411882646,-0.0017187469829881015,2.7745985165541716,2.7745985165541716
1.099999587845802,-0.0017187472579301975,2.7745989603972383,2.7745989603972383
1.099999884870425,-0.0017187477220306044,2.7745997096013464,2.7745997096013464
1.1000000095927585,-0.0017187479169090123,2.7746000241964244,2.7746000241964244
1.100001011405482,-0.001718749482239482,2.774602551132409,2.774602551132409
1.0999992790697288,-0.001718746775468172,2.7745981815516996,2.7745981815516996
1.1000008156460115,-0.0017187491763656828,2.7746020573558394,2.7746020573558394
1.0999990372174542,-0.001718746397574454,2.774597571512316,2.774597571512316
1.1000001796995718,-0.0017187481827005838,2.774600453267665,2.774600453267665
1.100000834527252,-0.0017187492058675852,2.7746021049811938,2.7746021049811938
1.1000002367858503,-0.0017187482718977853,2.7746005972600183,2.7746005972600183
1.1000000847219287,-0.0017187480342981975,2.7746002136995114,2.7746002136995114
1.1000009408671882,-0.0017187493720235327,2.774602373209182,2.774602373209182
1.1000004145931264,-0.0017187485497213149,2.7746010457546255,2.7746010457546255
1.1000002792477497,-0.0017187483382444218,2.774600704364369,2.774600704364369
1.0999993147114167,-0.0017187468311582411,2.7745982714529966,2.7745982714529966
1.1000006659384567,-0.0017187489424479142,2.774601679738947,2.774601679738947
1.1000002101737494,-0.001718748230316428,2.7746005301346224,2.7746005301346224
1.0999993504224248,-0.0017187468869566233,2.774598361529145,2.774598361529145
1.0999992040009428,-0.001718746658173337,2.774597992200923,2.774597992200923
1.099999720284075,-0.0017187474648647464,2.774599294454722,2.774599294454722
1.0999992949890263,-0.0017187468003420437,2.774598221705956,2.774598221705956
1.099999787649965,-0.0017187475701238208,2.774599464375993,2.774599464375993
1.1000000947921742,-0.001718748050032937,2.7746002391003333,2.7746002391003333
1.0999991061612209,-0.0017187465052989582,2.7745977454135664,2.7745977454135664
1.1000006612353874,-0.0017187489350993772,2.7746016678760963,2.7746016678760963
1.1000002254686794,-0.0017187482542147272,2.7746005687139976,2.7746005687139976
1.100000083597977,-0.0017187480325420253,2.774600210864497,2.774600210864497
1.0999993003672466,-0.0017187468087455028,2.774598235271784,2.774598235271784
1.0999996122504525,-0.0017187472960624173,2.774599021954641,2.774599021954641
1.0999999770765863,-0.0017187478661025554,2.7745999421788143,2.7745999421788143
1.1000009888138054,-0.0017187494469400307,2.774602494147986,2.774602494147986
1.1000008234899565,-0.001718749188621832,2.774602077141121,2.774602077141121
1.100000292236361,-0.0017187483585391025,2.77460073712637,2.77460073712637
1.1000007011333848,-0.001718748997439922,2.774601768513354,2.774601768513354
1.1000004753487218,-0.001718748644651817,2.7746011990023303,2.7746011990023303
1.1000002239084614,-0.0017187482517768895,2.7746005647785608,2.7746005647785608
1.0999999144421952,-0.001718747768236439,2.7745997841921044,2.7745997841921044
1.100000455261196,-0.001718748613265096,2.7746011483342854,2.7746011483342854
1.100000057207473,-0.0017187479913069131,2.7746001442980495,2.7746001442980495
1.099999269085872,-0.0017187467598684149,2.774598156368782,2.774598156368782
1.1000010161629423,-0.0017187494896730047,2.774602563132454,2.774602563132454
1.100000219570179,-0.0017187482449983315,2.774600553835835,2.774600553835835
1.0999995685195896,-0.0017187472277330272,2.7745989116495027,2.7745989116495027
1.0999997275898399,-0.00171874747627999,2.7745993128825175,2.7745993128825175
1.1000002004083824,-0.001718748215058061,2.774600505502816,2.774600505502816
1.1000001635350831,-0.001718748157443601,2.7746004124949466,2.7746004124949466
1.1000004147664233,-0.0017187485499920911,2.774601046191744,2.774601046191744
1.1000007461755759,-0.0017187490678182598,2.774601882126139,2.774601882126139
1.1000008744929486,-0.0017187492683139098,2.7746022057892135,2.7746022057892135
1.100000313581245,-0.0017187483918904428,2.774600790965929,2.774600790965929
1.0999991628603545,-0.0017187465938912462,2.7745978884293994,2.7745978884293994
1.100001038867678,-0.001718749525149111,2.7746026204020535,2.7746026204020535
1.0999991880624629,-0.0017187466332694923,2.774597951998281,2.774597951998281
1.099999725178242,-0.001718747472511873,2.774599306799591,2.774599306799591
1.099998990904933,-0.0017187463252112283,2.7745974546952974,2.7745974546952974
1.1000010338601383,-0.0017187495173248398,2.7746026077712176,2.7746026077712176
1.1000001346163069,-0.0017187481122580683,2.774600339551277,2.774600339551277
1.0999995048982496,-0.0017187471283248048,2.774598751173348,2.774598751173348
1.099999546569471,-0.0017187471934360088,2.7745988562833217,2.7745988562833217
1.1000000345965328,-0.0017187479559773622,2.774600087265036,2.774600087265036
1.100000369557999,-0.0017187484793540144,2.774600932159658,2.774600932159658
1.1000008735871205,-0.001718749266898555,2.7746022035043856,2.7746022035043856
1.1000003663779452,-0.001718748474385186,2.7746009241384058,2.7746009241384058
1.0999999155590003,-0.0017187477699814446,2.774599787009093,2.774599787009093
1.0999996921330306,-0.001718747420878793,2.774599223447551,2.774599223447551
1.0999995763158323,-0.0017187472399146418,2.774598931314462,2.774598931314462
1.0999997336952765,-0.001718747485819723,2.774599328282649,2.774599328282649
1.1000010223044234,-0.0017187494992690574,2.7746025786235027,2.7746025786235027
1.0999991102810565,-0.0017187465117361933,2.77459775580529,2.77459775580529
1.1000006664813422,-0.0017187489432961716,2.7746016811083014,2.7746016811083014
1.1000007837334083,-0.0017187491265023014,2.7746019768606494,2.7746019768606494
1.100000667988496,-0.0017187489456510967,2.7746016849098916,2.7746016849098916
1.0999999321062637,-0.0017187477958365122,2.7745998287473084,2.7745998287473084
1.099999158131815,-0.0017187465865029122,2.7745978765023027,2.7745978765023027
1.099999890400973,-0.001718747730672075,2.7745997235513995,2.7745997235513995
1.1000002013637968,-0.0017187482165508942,2.774600507912719,2.774600507912719
1.0999999053151936,-0.0017187477539755162,2.774599761170487,2.774599761170487
1.0999991338122732,-0.0017187465485036747,2.7745978151595754,2.7745978151595754
1.0999995561657432,-0.0017187472084301658,2.7745988804886097,2.7745988804886097
1.099998983421551,-0.0017187463135184579,2.7745974358194863,2.7745974358194863
1.1000000481594803,-0.0017187479771694416,2.7746001214757214,2.7746001214757214
1.099999137410502,-0.0017187465541259005,2.774597824235617,2.774597824235617
1.1000010143101182,-0.0017187494867779707,2.774602558458958,2.774602558458958
1.0999999160733107,-0.001718747770785054,2.7745997883063707,2.7745997883063707
1.1000007107133423,-0.0017187490124085873,2.77460179267749,2.77460179267749
1.0999995867417132,-0.0017187472562050607,2.7745989576123247,2.7745989576123247
1.1000008400419359,-0.0017187492144842681,2.7746021188912318,2.7746021188912318
1.0999991062096872,-0.0017187465053746865,2.774597745535816,2.774597745535816
1.099999900095852,-0.0017187477458203049,2.77459974800541,2.77459974800541
1.0999990503868609,-0.0017187464181516272,2.7745976047303493,2.7745976047303493
1.0999992875873128,-0.0017187467887768808,2.7745982030361436,2.7745982030361436
1.0999990286121983,-0.0017187463841287583,2.7745975498067317,2.7745975498067317
1.100000816947033,-0.0017187491783985263,2.774602060637488,2.774602060637488
1.1000002860395202,-0.0017187483488565504,2.774600721495684,2.774600721495684
1.0999998353326252,-0.0017187476446278865,2.7745995846490015,2.7745995846490015
1.1000008158555552,-0.0017187491766930947,2.774602057884385,2.774602057884385
1.0999993459366189,-0.0017187468799475603,2.7745983502143114,2.7745983502143114
1.0999990383070954,-0.0017187463992770166,2.774597574260788,2.774597574260788
1.1000001365875598,-0.0017187481153381472,2.7746003445234937,2.7746003445234937
1.100000650974092,-0.0017187489190661229,2.7746016419933777,2.7746016419933777
1.0999999132278035,-0.001718747766338954,2.7745997811289667,2.7745997811289667
1.0999994869032135,-0.0017187471002075953,2.7745987057833235,2.7745987057833235
1.0999992755175998,-0.001718746769917977,2.774598172591938,2.774598172591938
1.0999998473794308,-0.0017187476634509976,2.774599615035426,2.774599615035426
1.099999293698025,-0.0017187467983248567,2.7745982184495817,2.7745982184495817
1.1000001375542257,-0.0017187481168485608,2.774600346961776,2.774600346961776
1.0999991898167185,-0.0017187466360105137,2.7745979564231518,2.7745979564231518
1.0999995387910897,-0.001718747181282303,2.7745988366634156,2.7745988366634156
1.1000004501761618,-0.0017187486053197398,2.77460113550798,2.77460113550798
1.0999989610581948,-0.0017187462785757566,2.77459737941097,2.77459737941097
1.0999989876054201,-0.0017187463200557455,2.774597446372726,2.774597446372726
1.0999997046538,-0.0017187474404424712,2.7745992550294845,2.7745992550294845
1.1000001690467447,-0.0017187481660555619,2.7746004263973614,2.7746004263973614
1.0999990628100729,-0.0017187464375628722,2.7745976360662072,2.7745976360662072
1.1000007550691298,-0.0017187490817144205,2.7746019045589154,2.7746019045589154
1.1000007592773997,-0.0017187490882898343,2.7746019151737022,2.7746019151737022
1.1000010124272834,-0.001718749483836045,2.774602553709764,2.774602553709764
1.1000009881189898,-0.0017187494458543826,2.7746024923954082,2.7746024923954082
1.1000000390880922,-0.001718747962995415,2.774600098594382,2.774600098594382
1.100000486891646,-0.0017187486626876137,2.7746012281177825,2.7746012281177825
1.100000869914859,-0.0017187492611606533,2.774602194241606,2.774602194241606
1.0999992916056167,-0.0017187467950554728,2.774598213171767,2.774598213171767
1.1000002495523395,-0.0017187482918454003,2.7746006294617462,2.7746006294617462
1.1000002884087008,-0.0017187483525583904,2.774600727471619,2.774600727471619
1.0999991938956744,-0.0017187466423838743,2.7745979667117617,2.7745979667117617
1.0999990939990727,-0.0017187464862956246,2.774597714736206,2.774597714736206
1.099999796961161,-0.0017187475846725472,2.7745994878622158,2.7745994878622158
1.1000002600638068,-0.0017187483082695477,2.774600655975489,2.774600655975489
1.1000008558511267,-0.001718749239186099,2.77460215876776,2.77460215876776
1.0999994317719552,-0.0017187470140651094,2.774598566722242,2.774598566722242
1.0999996771462481,-0.0017187473974619742,2.774599185645436,2.774599185645436
1.099999931758609,-0.0017187477952933026,2.774599827870397,2.774599827870397
1.099999849494402,-0.0017187476667556358,2.7745996203701524,2.7745996203701524
1.0999989951436588,-0.001718746331834229,2.774597465386905,2.774597465386905
1.099998959937932,-0.0017187462768253482,2.77459737658526,2.77459737658526
1.1000001351444764,-0.0017187481130833322,2.7746003408835125,2.7746003408835125
1.10000027175719,-0.0017187483265404364,2.7746006854704532,2.7746006854704532
1.1000006482518963,-0.0017187489148126971,2.77460163512701,2.77460163512701
1.1000008146792564,-0.0017187491748551298,2.7746020549173314,2.7746020549173314
1.1000006548355148,-0.0017187489250995887,2.77460165173329,2.77460165173329
1.1000010309874715,-0.0017187495128363035,2.7746026005253075,2.7746026005253075
1.1000009532824169,-0.0017187493914223035,2.774602404524903,2.774602404524903
1.099999708152262,-0.0017187474459088117,2.774599263853878,2.774599263853878
1.0999991408394034,-0.0017187465594835523,2.7745978328845533,2.7745978328845533
1.099999454327304,-0.0017187470493077988,2.774598623615034,2.774598623615034
1.0999999159842138,-0.00171874777064584,2.7745997880816358,2.7745997880816358
1.100000274227177,-0.0017187483303997867,2.7746006917006594,2.7746006917006594
1.0999998409286424,-0.0017187476533716529,2.774599598764192,2.774599598764192
1.1000007123312707,-0.0017187490149365974,2.774601796758494,2.774601796758494
1.0999990946950227,-0.0017187464873830451,2.7745977164916447,2.7745977164916447
1.0999997880213093,-0.0017187475707040457,2.7745994653126584,2.7745994653126584
1.099999643168288,-0.001718747344371476,2.774599099940665,2.774599099940665
1.1000000570265391,-0.0017187479910242042,2.7746001438416683,2.7746001438416683
1.0999990612002812,-0.0017187464350475756,2.7745976320057273,2.7745976320057273
1.099999556678077,-0.0017187472092306864,2.7745988817809017,2.7745988817809017
1.1000010150428918,-0.001718749487922928,2.7746025603072795,2.7746025603072795
1.0999993250491524,-0.0017187468473109336,2.7745982975285255,2.7745982975285255
1.1000010203702306,-0.0017187494962468848,2.774602573744765,2.774602573744765
1.1000003673700003,-0.0017187484759352703,2.7746009266407294,2.7746009266407294
1.0999999830905693,-0.0017187478754993925,2.7745999573482667,2.7745999573482667
1.0999999018602644,-0.001718747748577196,2.774599752455899,2.774599752455899
1.0999998087902245,-0.001718747603155436,2.774599517699415,2.774599517699415
1.100000259987623,-0.0017187483081505107,2.774600655783326,2.774600655783326
1.0999990159413804,-0.0017187463643306294,2.774597517846322,2.774597517846322
1.0999990576664176,-0.0017187464295259206,2.7745976230920384,2.7745976230920384
1.0999996451039282,-0.0017187473473959105,2.7745991048230536,2.7745991048230536
1.1000002886498288,-0.0017187483529351527,2.774600728079832,2.774600728079832
1.0999991990146416,-0.0017187466503822508,2.774597979623658,2.774597979623658
1.1000001255219218,-0.0017187480980481089,2.774600316611931,2.774600316611931
1.1000006923934584,-0.0017187489837838037,2.774601746468081,2.774601746468081
1.1000004805719945,-0.0017187486528131705,2.7746012121773234,2.7746012121773234
1.0999993679764872,-0.0017187469143848126,2.774598405806874,2.774598405806874
1.100001034811703,-0.0017187495188116578,2.7746026101714096,2.7746026101714096
1.0999994561087036,-0.0017187470520912324,2.7745986281083717,2.7745986281083717
1.0999996844543942,-0.0017187474088809385,2.774599204079238,2.774599204079238
1.1000000565673704,-0.001718747990306754,2.774600142683478,2.774600142683478
1.0999991509909428,-0.0017187465753453132,2.774597858490427,2.774597858490427
1.1000005217409543,-0.0017187487171395918,2.774601316020411,2.774601316020411
1.1000007360896826,-0.0017187490520590707,2.774601856685848,2.774601856685848
1.0999994925230643,-0.0017187471089886016,2.774598719958631,2.774598719958631
1.1000002532179678,-0.0017187482975729374,2.7746006387077937,2.7746006387077937
1.1000006864054153,-0.0017187489744274979,2.774601731364059,2.774601731364059
1.1000008505254237,-0.0017187492308646981,2.7746021453344003,2.7746021453344003
1.0999996151354654,-0.0017187473005702443,2.774599029231693,2.774599029231693
1.099999133698208,-0.001718746548325448,2.7745978148718615,2.7745978148718615
1.0999998927265018,-0.0017187477343057094,2.774599729417229,2.774599729417229
1.099999086375022,-0.0017187464743830601,2.774597695505578,2.774597695505578
1.0999994477814161,-0.0017187470390798616,2.7745986071039246,2.7745986071039246
1.100000581405336,-0.001718748810365074,2.7746014665156773,2.7746014665156773
1.0999993947187743,-0.001718746956169585,2.7745984732606463,2.7745984732606463
1.100000359606926,-0.0017187484638054818,2.7746009070594337,2.7746009070594337
1.0999993492791378,-0.0017187468851702394,2.7745983586453593,2.7745983586453593
1.0999997427186263,-0.0017187474999186898,2.774599351042818,2.774599351042818
1.1000002097648114,-0.0017187482296774634,2.7746005291031324,2.7746005291031324
1.1000008708434126,-0.0017187492626115166,2.774602196583756,2.774602196583756
1.100000085076688,-0.0017187480348525082,2.7746002145943436,2.7746002145943436
1.1000001915325937,-0.0017187482011896578,2.774600483114849,2.774600483114849
1.1000005214100301,-0.001718748716622523,2.774601315185699,2.774601315185699
1.1000001722416288,-0.0017187481710475622,2.774600434456021,2.774600434456021
1.100000198017395,-0.0017187482113221475,2.7746004994718763,2.7746004994718763
1.099999847562357,-0.001718747663736819,2.774599615496832,2.774599615496832
1.1000001182868329,-0.0017187480867432963,2.7746002983624054,2.7746002983624054
1.0999990847856527,-0.0017187464718996736,2.7745976914966106,2.7745976914966106
1.1000001970022157,-0.0017187482097359322,2.7746004969112255,2.7746004969112255
1.099999556558234,-0.0017187472090434317,2.7745988814786138,2.7745988814786138
1.099999637792644,-0.0017187473359720428,2.774599086381336,2.774599086381336
1.1000004328183997,-0.0017187485781982696,2.7746010917253923,2.7746010917253923
1.1000002481072468,-0.0017187482895874454,2.7746006258166966,2.7746006258166966
1.100000190451578,-0.001718748199500573,2.7746004803881346,2.7746004803881346
1.0999990427945354,-0.0017187464062886329,2.7745975855797433,2.7745975855797433
1.0999994223054166,-0.001718746999273661,2.7745985428441893,2.7745985428441893
1.1000007407995263,-0.0017187490594181923,2.7746018685657865,2.7746018685657865
1.1000002707655896,-0.0017187483249910631,2.774600682969277,2.774600682969277
1.0999999517715031,-0.0017187478265634113,2.7745998783501933,2.7745998783501933
1.1000008536678272,-0.0017187492357746976,2.774602153260685,2.774602153260685
1.1000010468096706,-0.0017187495375584592,2.774602640434647,2.774602640434647
1.1000005718941266,-0.0017187487955038277,2.774601442524949,2.774601442524949
1.1000001638918084,-0.0017187481580009838,2.7746004133947375,2.7746004133947375
1.1000008312282323,-0.0017187492007128733,2.7746020966598666,2.7746020966598666
1.0999994603475145,-0.0017187470587143666,2.774598638800194,2.774598638800194
1.0999992381910055,-0.0017187467115952447,2.774598078440694,2.774598078440694
1.0999997571692597,-0.001718747522497777,2.7745993874925707,2.7745993874925707
1.1000009165138112,-0.0017187493339714274,2.774602311781109,2.774602311781109
1.1000009671541489,-0.0017187494130968587,2.7746024395144557,2.7746024395144557
1.100000600334559,-0.0017187488399419493,2.7746015142620615,2.7746015142620615
1.0999992905899099,-0.001718746793468433,2.7745982106097853,2.7745982106097853
1.1000001955460672,-0.0017187482074607027,2.774600493238289,2.774600493238289
1.100000582202311,-0.0017187488116103457,2.7746014685259377,2.7746014685259377
1.100000864931098,-0.0017187492533735367,2.7746021816707493,2.7746021816707493
1.1000010354960625,-0.0017187495198809682,2.7746026118976133,2.7746026118976133
1.1000004010124005,-0.0017187485285014566,2.7746010114990964,2.7746010114990964
1.1000000255542877,-0.0017187479418488713,2.7746000644572058,2.7746000644572058
1.1000003124102946,-0.0017187483900608352,2.774600788012367,2.774600788012367
1.0999999606013877,-0.001718747840360089,2.774599900622373,2.774599900622373
1.1000000323936563,-0.0017187479525353718,2.7746000817085807,2.7746000817085807
1.0999998881482562,-0.0017187477271522092,2.7745997178692283,2.7745997178692283
1.1000007349281085,-0.0017187490502441132,2.774601853755936,2.774601853755936
1.1000005927893786,-0.0017187488281526192,2.7746014952303724,2.7746014952303724
1.1000000624064044,-0.0017187479994302333,2.7746001574116446,2.7746001574116446
1.1000000410671842,-0.0017187479660877426,2.774600103586372,2.774600103586372
1.1000008130778265,-0.0017187491723528985,2.7746020508779425,2.7746020508779425
1.1000007389440896,-0.0017187490565190762,2.774601863885701,2.774601863885701
1.0999996072993175,-0.0017187472883262783,2.7745990094660784,2.7745990094660784
1.1000005493436775,-0.001718748760268794,2.774601385644516,2.774601385644516
1.1000000015634834,-0.0017187479043632855,2.7746000039436733,2.7746000039436733
1.0999991347328466,-0.001718746549942069,2.7745978174815966,2.7745978174815966
1.0999998764026166,-0.00171874770879967,2.774599688242455,2.774599688242455
1.0999989905491798,-0.0017187463246553644,2.7745974537979583,2.7745974537979583
1.1000001382267173,-0.0017187481178993276,2.774600348658045,2.774600348658045
1.0999996783732828,-0.0017187473993792134,2.7745991887404635,2.7745991887404635
1.1000010484366067,-0.0017187495401005438,2.7746026445383714,2.7746026445383714
1.100000766821786,-0.0017187491000779235,2.774601934203388,2.774601934203388
1.100000886182803,-0.001718749286579285,2.7746022352752773,2.7746022352752773
1.099999496988318,-0.0017187471159655521,2.7745987312216247,2.7745987312216247
1.1000010418880428,-0.0017187495298684253,2.774602628020512,2.774602628020512
1.100000173876593,-0.0017187481736021903,2.774600438579995,2.774600438579995
1.099999472874057,-0.001718747078287065,2.7745986703966894,2.7745986703966894
1.0999999110826622,-0.0017187477629871746,2.7745997757181398,2.7745997757181398
1.100000054639748,-0.0017187479872948475,2.774600137821313,2.774600137821313
1.100000847182446,-0.0017187492256413018,2.774602136902195,2.774602136902195
1.1000009099338757,-0.001718749323690291,2.7746022951841196,2.7746022951841196
1.100000995638007,-0.0017187494576028327,2.7746025113611035,2.7746025113611035
1.0999990575169958,-0.0017187464292924492,2.774597622715142,2.774597622715142
1.1000008947077606,-0.001718749299899515,2.77460225677832,2.77460225677832
1.0999991601491181,-0.0017187465896549446,2.774597881590675,2.774597881590675
1.1000005023397574,-0.0017187486868252583,2.7746012670835367,2.7746012670835367
1.100000422977805,-0.0017187485628223594,2.7746010669038346,2.7746010669038346
1.0999994496123595,-0.001718747041940707,2.7745986117222294,2.7745986117222294
1.0999994513954254,-0.0017187470447267443,2.77459861621977,2.77459861621977
1.0999992625072417,-0.0017187467495893174,2.774598139775084,2.774598139775084
1.1000003656159765,-0.0017187484731946115,2.7746009222164436,2.7746009222164436
1.1000004664902026,-0.0017187486308103972,2.774601176657923,2.774601176657923
1.1000009473947705,-0.0017187493822228676,2.774602389674118,2.774602389674118
1.0999990902872072,-0.001718746480495842,2.7745977053735316,2.7745977053735316
1.1000003730635577,-0.001718748484831443,2.774600941001952,2.774600941001952
1.0999994964209143,-0.0017187471150789848,2.774598729790426,2.774598729790426
1.099999906500517,-0.0017187477558275818,2.7745997641603037,2.7745997641603037
1.099999937888635,-0.001718747804871456,2.7745998433325507,2.7745998433325507
1.1000006655867356,-0.0017187489418983505,2.7746016788517784,2.7746016788517784
1.0999997094210092,-0.0017187474478912268,2.77459926705412,2.77459926705412
1.0999995673255996,-0.0017187472258674203,2.774598908637826,2.774598908637826
1.1000002006722223,-0.0017187482154703102,2.774600506168316,2.774600506168316
1.100000645961708,-0.0017187489112342825,2.7746016293503226,2.7746016293503226
1.0999997097369991,-0.0017187474483849605,2.7745992678511615,2.7745992678511615
1.1000006105429385,-0.0017187488558925226,2.7746015400113064,2.7746015400113064
1.0999994255321353,-0.0017187470043154025,2.7745985509831472,2.7745985509831472
1.1000002845309111,-0.0017187483464993515,2.7746007176904235,2.7746007176904235
1.100000660704506,-0.0017187489342698763,2.7746016665370203,2.7746016665370203
1.1000007673797314,-0.0017187491009497124,2.77460193561073,2.77460193561073
1.1000006797523199,-0.0017187489640320488,2.7746017145825332,2.7746017145825332
1.0999994453432573,-0.001718747035270243,2.7745986009540013,2.7745986009540013
1.0999993785518993,-0.0017187469309088736,2.7745984324819086,2.7745984324819086
1.1000009004657374,-0.0017187493088963429,2.7746022713020313,2.7746022713020313