
Algoritmo=1

0,0,0,0,0,0,
0,0,0,0,0,0,
0,0,0,0,0,0,
0,0,0,0,0,0,
0,0,0,0,0,0,
0,0,0,0,0,0,
Initial energy=-14.3999
0,0, -0
1,7, 3.70077e-16
2,7, 2.46718e-16
3,7, 2.46718e-16
4,7, 3.70077e-16
5,7, 2.46718e-16
6,8, 2.46718e-16
7,7, -0
8,8, 2.46718e-16
**************************************

Algoritmo=4

0,0,0,0,0,0,
0,0,0,0,0,0,
0,0,0,0,0,0,
0,0,0,0,0,0,
0,0,0,0,0,0,
0,0,0,0,0,0,
Initial energy=-14.3999
0,0, -0
1,7, 3.70077e-16
2,7, 2.46718e-16
3,7, 2.46718e-16
4,7, 3.70077e-16
5,7, 2.46718e-16
6,8, 2.46718e-16
7,7, -0
8,8, 2.46718e-16
*************************************

Algoritmo=8

0,0,0,0,0,0,
0,0,0,0,0,0,
0,0,0,0,0,0,
0,0,0,0,0,0,
0,0,0,0,0,0,
0,0,0,0,0,0,
Initial energy=-14.3999
0,0, -0
1,5, 3.70077e-16
2,5, 2.46718e-16
3,5, 2.46718e-16
4,6, 3.70077e-16
5,5, 2.46718e-16
6,5, 2.46718e-16
7,5, -0
8,5, 2.46718e-16

