1.1,-1.1,2.7746,2.7746
1.0999989626551587,-1.0999989626551587,2.774597383439094,2.774597383439094
1.1000006337020474,-1.1000006337020474,2.7746015984270005,2.7746015984270005
1.100000109668043,-1.100000109668043,2.774600276622684,2.774600276622684
1.1000002801797206,-1.1000002801797206,2.7746007067151393,2.7746007067151393
1.1000007234567162,-1.1000007234567162,2.7746018248209134,2.7746018248209134
1.0999991338116017,-1.0999991338116017,2.774597815157882,2.774597815157882
1.099999570383797,-1.099999570383797,2.7745989163517124,2.7745989163517124
1.1000000758407158,-1.1000000758407158,2.7746001912978637,2.7746001912978637
1.1000001364739105,-1.1000001364739105,2.774600344236829,2.774600344236829
1.1000000083234707,-1.1000000083234707,2.7746000209948196,2.7746000209948196
1.0999999640355616,-1.0999999640355616,2.7745999092846083,2.7745999092846083
1.0999995448023248,-1.0999995448023248,2.7745988518259366,2.7745988518259366
1.0999996025509118,-1.0999996025509118,2.7745989974888725,2.7745989974888725
1.0999998612345774,-1.0999998612345774,2.774599649983144,2.774599649983144
1.100000858655979,-1.100000858655979,2.7746021658426177,2.7746021658426177
1.0999996716459775,-1.0999996716459775,2.774599171771754,2.774599171771754
1.0999999834525964,-1.0999999834525964,2.774599958261431,2.774599958261431
1.1000005497086407,-1.1000005497086407,2.7746013865650863,2.7746013865650863
1.0999999736901334,-1.0999999736901334,2.774599933636949,2.774599933636949
1.0999997775147932,-1.0999997775147932,2.7745994388114044,2.7745994388114044
1.0999989779254558,-1.0999989779254558,2.7745974219563356,2.7745974219563356
1.0999997463527436,-1.0999997463527436,2.774599360209384,2.774599360209384
1.1000004498492992,-1.1000004498492992,2.774601134683514,2.774601134683514
1.099999457290813,-1.099999457290813,2.774598631090081,2.774598631090081
1.1000008546391926,-1.1000008546391926,2.774602155710822,2.774602155710822
1.1000006011298897,-1.1000006011298897,2.774601516268175,2.774601516268175
1.100000633126353,-1.100000633126353,2.77460159697489,2.77460159697489
1.1000004110386807,-1.1000004110386807,2.7746010367890217,2.7746010367890217
1.0999996533797805,-1.0999996533797805,2.7745991256977627,2.7745991256977627
1.1000004874675744,-1.1000004874675744,2.7746012295704836,2.7746012295704836
1.1000004754952624,-1.1000004754952624,2.774601199371959,2.774601199371959
1.0999993684598308,-1.0999993684598308,2.7745984070260428,2.7745984070260428
1.1000003950485329,-1.1000003950485329,2.774600996456054,2.774600996456054
1.0999995375248848,-1.0999995375248848,2.774598833469587,2.774598833469587
1.0999994728554492,-1.0999994728554492,2.774598670349754,2.774598670349754
1.0999996251387334,-1.0999996251387334,2.774599054463572,2.774599054463572
1.1000003435510568,-1.1000003435510568,2.774600866560693,2.774600866560693
1.0999996353109047,-1.0999996353109047,2.7745990801214875,2.7745990801214875
1.099998989544617,-1.099998989544617,2.7745974512640856,2.7745974512640856
1.099999611722709,-1.099999611722709,2.774599020623481,2.774599020623481
1.1000005198847662,-1.1000005198847662,2.7746013113384294,2.7746013113384294
1.1000007310459,-1.1000007310459,2.7746018439635947,2.7746018439635947
1.10000032746349,-1.10000032746349,2.774600825981999,2.774600825981999
1.1000009701777103,-1.1000009701777103,2.774602447140977,2.774602447140977
1.0999998602776038,-1.0999998602776038,2.7745996475693087,2.7745996475693087
1.1000008156519292,-1.1000008156519292,2.774602057370766,2.774602057370766
1.1000004462542248,-1.1000004462542248,2.7746011256154293,2.7746011256154293
1.1000009288318124,-1.1000009288318124,2.7746023428515882,2.7746023428515882
1.1000010373731208,-1.1000010373731208,2.7746026166322375,2.7746026166322375
1.0999992846461784,-1.0999992846461784,2.7745981956175334,2.7745981956175334
1.1000003095870239,-1.1000003095870239,2.7746007808910513,2.7746007808910513
1.0999993487814461,-1.0999993487814461,2.7745983573900004,2.7745983573900004
1.0999998288409518,-1.0999998288409518,2.7745995682746405,2.7745995682746405
1.0999995746691764,-1.0999995746691764,2.774598927160997,2.774598927160997
1.100000191464628,-1.100000191464628,2.7746004829434154,2.7746004829434154
1.1000008240730104,-1.1000008240730104,2.774602078611795,2.774602078611795
1.0999997079247554,-1.0999997079247554,2.774599263280024,2.774599263280024
1.0999993982318004,-1.0999993982318004,2.774598482121776,2.774598482121776
1.0999998425658957,-1.0999998425658957,2.7745996028939404,2.7745996028939404
1.1000009833540927,-1.1000009833540927,2.774602480376605,2.774602480376605
1.1000001288608452,-1.1000001288608452,2.7746003250339104,2.7746003250339104
1.0999994012310081,-1.0999994012310081,2.7745984896868685,2.7745984896868685
1.0999995654257748,-1.0999995654257748,2.774598903845777,2.774598903845777
1.1000004383531046,-1.1000004383531046,2.7746011056859308,2.7746011056859308
1.099998967241657,-1.099998967241657,2.7745973950079104,2.7745973950079104
1.1000001514179363,-1.1000001514179363,2.7746003819310965,2.7746003819310965
1.099999359440548,-1.099999359440548,2.774598384276131,2.774598384276131
1.0999997488294744,-1.0999997488294744,2.7745993664565995,2.7745993664565995
1.0999995552799664,-1.0999995552799664,2.7745988782543587,2.7745988782543587
1.0999991254282817,-1.0999991254282817,2.7745977940121005,2.7745977940121005
1.0999993127564243,-1.0999993127564243,2.7745982665217954,2.7745982665217954
1.0999990865761307,-1.0999990865761307,2.7745976960128473,2.7745976960128473
1.100000125324458,-1.100000125324458,2.774600316113856,2.774600316113856
1.1000001925728777,-1.1000001925728777,2.7746004857388242,2.7746004857388242
1.1000003008899462,-1.1000003008899462,2.774600758953859,2.774600758953859
1.1000004751135668,-1.1000004751135668,2.7746011984091843,2.7746011984091843
1.100000263179695,-1.100000263179695,2.774600663834893,2.774600663834893
1.099999187297845,-1.099999187297845,2.774597950069637,2.774597950069637
1.0999998222644072,-1.0999998222644072,2.7745995516862036,2.7745995516862036
1.1000006170425443,-1.1000006170425443,2.774601556405676,2.774601556405676
1.1000000842733946,-1.1000000842733946,2.774600212568146,2.774600212568146
1.1000007690719407,-1.1000007690719407,2.774601939879097,2.774601939879097
1.0999990612977188,-1.0999990612977188,2.7745976322515005,2.7745976322515005
1.1000006963290707,-1.1000006963290707,2.7746017563951266,2.7746017563951266
1.0999993251151334,-1.0999993251151334,2.774598297694954,2.774598297694954
1.1000000323284806,-1.1000000323284806,2.7746000815441842,2.7746000815441842
1.0999992461223895,-1.0999992461223895,2.774598098446529,2.774598098446529
1.1000009116994007,-1.1000009116994007,2.7746022996374156,2.7746022996374156
1.0999994632063124,-1.0999994632063124,2.774598646011122,2.774598646011122
1.1000007503156677,-1.1000007503156677,2.7746018925689557,2.7746018925689557
1.1000003622676058,-1.1000003622676058,2.774600913770635,2.774600913770635
1.0999993931740517,-1.0999993931740517,2.7745984693642947,2.7745984693642947
1.0999995875070565,-1.0999995875070565,2.774598959542799,2.774598959542799
1.0999998150575785,-1.0999998150575785,2.774599533507961,2.774599533507961
1.0999999356219428,-1.0999999356219428,2.7745998376151295,2.7745998376151295
1.0999994667193036,-1.0999994667193036,2.7745986548721637,2.7745986548721637
1.0999991520834387,-1.0999991520834387,2.7745978612460993,2.7745978612460993
1.1000003215795475,-1.1000003215795475,2.774600811140557,2.774600811140557
1.0999998503633062,-1.0999998503633062,2.7745996225618446,2.7745996225618446
1.1000005687896626,-1.1000005687896626,2.774601434694362,2.774601434694362
1.099999396413222,-1.099999396413222,2.7745984775346595,2.7745984775346595
1.099999373063493,-1.099999373063493,2.774598418638152,2.774598418638152
1.1000009452762503,-1.1000009452762503,2.77460238433044,2.77460238433044
1.099999491868319,-1.099999491868319,2.774598718307125,2.774598718307125
1.1000000099232012,-1.1000000099232012,2.774600025029922,2.774600025029922
1.1000003013491495,-1.1000003013491495,2.7746007601121363,2.7746007601121363
1.100000297416366,-1.100000297416366,2.7746007501922265,2.7746007501922265
1.1000004689368283,-1.1000004689368283,2.7746011828292034,2.7746011828292034
1.099999204791488,-1.099999204791488,2.774597994194966,2.774597994194966
1.099999417322892,-1.099999417322892,2.774598530276451,2.774598530276451
1.1000004075692111,-1.1000004075692111,2.7746010280377575,2.7746010280377575
1.1000005389745693,-1.1000005389745693,2.7746013594898544,2.7746013594898544
1.1000001327171938,-1.1000001327171938,2.7746003347610233,2.7746003347610233
1.1000008013921923,-1.1000008013921923,2.774602021402524,2.774602021402524
1.0999994982023966,-1.0999994982023966,2.7745987342839724,2.7745987342839724
1.1000010010023955,-1.1000010010023955,2.7746025248920425,2.7746025248920425
1.0999992261902989,-1.0999992261902989,2.7745980481705486,2.7745980481705486
1.1000006188916298,-1.1000006188916298,2.7746015610697414,2.7746015610697414
1.100000506121396,-1.100000506121396,2.774601276622205,2.774601276622205
1.0999993031145314,-1.0999993031145314,2.774598242201435,2.774598242201435
1.1000003870815362,-1.1000003870815362,2.7746009763603916,2.7746009763603916
1.0999995100206106,-1.0999995100206106,2.7745987640938052,2.7745987640938052
1.1000003662566666,-1.1000003662566666,2.7746009238324976,2.7746009238324976
1.099999815235646,-1.099999815235646,2.774599533957112,2.774599533957112
1.1000003544555974,-1.1000003544555974,2.7746008940659097,2.7746008940659097
1.099999471841128,-1.099999471841128,2.774598667791267,2.774598667791267
1.099999754410432,-1.099999754410432,2.7745993805338043,2.7745993805338043
1.0999992438193273,-1.0999992438193273,2.774598092637369,2.774598092637369
1.1000005537185025,-1.1000005537185025,2.7746013966794156,2.7746013966794156
1.0999999051211817,-1.0999999051211817,2.7745997606811192,2.7745997606811192
1.0999996641737124,-1.0999996641737124,2.774599152923984,2.774599152923984
1.1000001237076154,-1.1000001237076154,2.77460031203559,2.77460031203559
1.1000000228224227,-1.1000000228224227,2.7746000575664493,2.7746000575664493
1.0999992324833272,-1.0999992324833272,2.774598064043854,2.774598064043854
1.0999990160740178,-1.0999990160740178,2.7745975181808817,2.7745975181808817
1.0999993558623042,-1.0999993558623042,2.7745983752504992,2.7745983752504992
1.1000001435898032,-1.1000001435898032,2.7746003621856983,2.7746003621856983
1.1000007927220101,-1.1000007927220101,2.7746019995331723,2.7746019995331723
1.100000066211129,-1.100000066211129,2.774600167008544,2.774600167008544
1.1000002864785272,-1.1000002864785272,2.77460072260302,2.77460072260302
1.0999999033042323,-1.0999999033042323,2.774599756098112,2.774599756098112
1.100000192202449,-1.100000192202449,2.774600484804468,2.774600484804468
1.099999962654462,-1.099999962654462,2.774599905800973,2.774599905800973
1.0999991168391274,-1.0999991168391274,2.7745977723471302,2.7745977723471302
1.099999578136066,-1.099999578136066,2.7745989359057535,2.7745989359057535
1.0999996591345227,-1.0999996591345227,2.774599140213315,2.774599140213315
1.1000006605459067,-1.1000006605459067,2.774601666136975,2.774601666136975
1.0999990727160398,-1.0999990727160398,2.7745976610526584,2.7745976610526584
1.100001042796433,-1.100001042796433,2.7746026303118025,2.7746026303118025
1.1000003703296677,-1.1000003703296677,2.774600934106087,2.774600934106087
1.0999995120577644,-1.0999995120577644,2.7745987692322482,2.7745987692322482
1.100000973461438,-1.100000973461438,2.7746024554237327,2.7746024554237327
1.1000003922313217,-1.1000003922313217,2.774600989350023,2.774600989350023
1.1000001993774828,-1.1000001993774828,2.7746005029025125,2.7746005029025125
1.1000002440682781,-1.1000002440682781,2.7746006156289496,2.7746006156289496
1.099999225836887,-1.099999225836887,2.774598047279115,2.774598047279115
1.1000004316233851,-1.1000004316233851,2.774601088711131,2.774601088711131
1.0999990827242323,-1.0999990827242323,2.7745976862969592,2.7745976862969592
1.0999995574367,-1.0999995574367,2.7745988836944258,2.7745988836944258
1.0999995943100305,-1.0999995943100305,2.7745989767023733,2.7745989767023733
1.0999990778083442,-1.0999990778083442,2.7745976738973015,2.7745976738973015
1.1000000751413483,-1.1000000751413483,2.7746001895338046,2.7746001895338046
1.0999995897205066,-1.0999995897205066,2.7745989651259246,2.7745989651259246
1.0999992938140364,-1.0999992938140364,2.774598218742205,2.774598218742205
1.0999992198618924,-1.0999992198618924,2.774598032208006,2.774598032208006
1.0999996576834767,-1.0999996576834767,2.7745991365532494,2.7745991365532494
1.100000673648998,-1.100000673648998,2.7746016991877362,2.7746016991877362
1.1000000684518534,-1.1000000684518534,2.774600172660466,2.774600172660466
1.1000003570290637,-1.1000003570290637,2.7746009005571275,2.7746009005571275
1.1000005258536358,-1.1000005258536358,2.7746013263940887,2.7746013263940887
1.1000000942555583,-1.1000000942555583,2.774600237746793,2.774600237746793
1.100000656851993,-1.100000656851993,2.7746016568195815,2.7746016568195815
1.0999991122205028,-1.0999991122205028,2.774597760697279,2.774597760697279
1.0999997242135948,-1.0999997242135948,2.7745993043664,2.7745993043664
1.0999994533869473,-1.0999994533869473,2.7745986212431126,2.7745986212431126
1.1000000074198781,-1.1000000074198781,2.774600018715631,2.774600018715631
1.0999994374288944,-1.0999994374288944,2.7745985809911002,2.7745985809911002
1.100001023019568,-1.100001023019568,2.774602580427358,2.774602580427358
1.1000001932454708,-1.1000001932454708,2.774600487435349,2.774600487435349
1.0999995019395032,-1.0999995019395032,2.7745987437103143,2.7745987437103143
1.0999990002863407,-1.0999990002863407,2.774597478358619,2.774597478358619
1.100001021558539,-1.100001021558539,2.774602576742111,2.774602576742111
1.099999415866473,-1.099999415866473,2.7745985266028326,2.7745985266028326
1.100000531829445,-1.100000531829445,2.7746013414672532,2.7746013414672532
1.100000628667949,-1.100000628667949,2.7746015857291737,2.7746015857291737
1.0999992336370368,-1.0999992336370368,2.774598066953929,2.774598066953929
1.1000002666923459,-1.1000002666923459,2.774600672695075,2.774600672695075
1.1000009673220466,-1.1000009673220466,2.7746024399379547,2.7746024399379547
1.0999995503666626,-1.0999995503666626,2.77459886586122,2.77459886586122
1.099999929035891,-1.099999929035891,2.774599821002712,2.774599821002712
1.0999995850454347,-1.0999995850454347,2.774598953333694,2.774598953333694
1.1000006767675141,-1.1000006767675141,2.7746017070537676,2.7746017070537676
1.0999999620102516,-1.0999999620102516,2.77459990417604,2.77459990417604
1.1000009304627634,-1.1000009304627634,2.7746023469654393,2.7746023469654393
1.0999996351163228,-1.0999996351163228,2.774599079630681,2.774599079630681
1.0999994620484599,-1.0999994620484599,2.774598643090597,2.774598643090597
1.0999998215697875,-1.0999998215697875,2.7745995499341207,2.7745995499341207
1.0999995404001581,-1.0999995404001581,2.7745988407220716,2.7745988407220716
1.0999992475416145,-1.0999992475416145,2.77459810202633,2.77459810202633
1.099998977143429,-1.099998977143429,2.7745974199837806,2.7745974199837806
1.1000005700632907,-1.1000005700632907,2.774601437906915,2.774601437906915
1.100000085538993,-1.100000085538993,2.7746002157604455,2.7746002157604455
1.0999992828798792,-1.0999992828798792,2.7745981911622843,2.7745981911622843
1.0999997753817474,-1.0999997753817474,2.7745994334310873,2.7745994334310873
1.0999990830984605,-1.0999990830984605,2.7745976872408984,2.7745976872408984
1.0999991707736099,-1.0999991707736099,2.7745979083895076,2.7745979083895076
1.0999994211796056,-1.0999994211796056,2.7745985400044852,2.7745985400044852
1.1000003480308458,-1.1000003480308458,2.7746008778603497,2.7746008778603497
1.1000001109392759,-1.1000001109392759,2.7746002798291953,2.7746002798291953
1.0999993901574618,-1.0999993901574618,2.7745984617553576,2.7745984617553576
1.1000000135980637,-1.1000000135980637,2.7746000342992616,2.7746000342992616
1.0999994957960757,-1.0999994957960757,2.774598728214356,2.774598728214356
1.0999990688051466,-1.0999990688051466,2.7745976511879635,2.7745976511879635
1.099999424491891,-1.099999424491891,2.774598548359273,2.774598548359273
1.1000005278192917,-1.1000005278192917,2.774601331352188,2.774601331352188
1.099999381273988,-1.099999381273988,2.7745984393480065,2.7745984393480065
1.0999991113666805,-1.0999991113666805,2.774597758543629,2.774597758543629
1.0999997138548516,-1.0999997138548516,2.7745992782378828,2.7745992782378828
1.100000755695543,-1.100000755695543,2.7746019061389577,2.7746019061389577
1.0999990509741302,-1.0999990509741302,2.774597606211656,2.774597606211656
1.0999997437383264,-1.0999997437383264,2.774599353614873,2.774599353614873
1.1000010277476695,-1.1000010277476695,2.774602592353349,2.774602592353349
1.1000003515206163,-1.1000003515206163,2.77460088666282,2.77460088666282
1.100000762079725,-1.100000762079725,2.7746019222421863,2.7746019222421863
1.0999989790578093,-1.0999989790578093,2.7745974248125433,2.7745974248125433
1.1000009272577373,-1.1000009272577373,2.7746023388811984,2.7746023388811984
1.1000008552370935,-1.1000008552370935,2.7746021572189448,2.7746021572189448
1.099999094991175,-1.099999094991175,2.77459771723865,2.77459771723865
1.0999997209919083,-1.0999997209919083,2.7745992962401353,2.7745992962401353
1.100000627164589,-1.100000627164589,2.7746015819371532,2.7746015819371532
1.1000003737101665,-1.1000003737101665,2.7746009426329343,2.7746009426329343
1.1000002930454635,-1.1000002930454635,2.774600739167221,2.774600739167221
1.099999330711962,-1.099999330711962,2.7745983118121904,2.7745983118121904
1.0999991337588282,-1.0999991337588282,2.774597815024768,2.774597815024768
1.100000996042774,-1.100000996042774,2.7746025123820734,2.7746025123820734
1.100000217819308,-1.100000217819308,2.7746005494195014,2.7746005494195014
1.0999997194127418,-1.0999997194127418,2.7745992922569034,2.7745992922569034
1.0999990451175625,-1.0999990451175625,2.774597591439263,2.774597591439263
1.1000004506531433,-1.1000004506531433,2.7746011367111016,2.7746011367111016
1.100000213640745,-1.100000213640745,2.7746005388796466,2.7746005388796466
1.1000007828389382,-1.1000007828389382,2.774601974604471,2.774601974604471
1.1000004537839476,-1.1000004537839476,2.7746011446081282,2.7746011446081282
1.1000001516728637,-1.1000001516728637,2.774600382574116,2.774600382574116
1.1000004894395796,-1.1000004894395796,2.7746012345445976,2.7746012345445976
1.1000002825146564,-1.1000002825146564,2.774600712604696,2.774600712604696
1.0999996690116793,-1.0999996690116793,2.7745991651270963,2.7745991651270963
1.1000008768158485,-1.1000008768158485,2.774602211648412,2.774602211648412
1.1000000636087153,-1.1000000636087153,2.7746001604443102,2.7746001604443102
1.0999993517821018,-1.0999993517821018,2.7745983649587456,2.7745983649587456
1.1000003162898158,-1.1000003162898158,2.77460079779793,2.77460079779793
1.1000000767470606,-1.1000000767470606,2.774600193583995,2.774600193583995
1.0999994466512628,-1.0999994466512628,2.774598604253267,2.774598604253267
1.0999997820754164,-1.0999997820754164,2.774599450314955,2.774599450314955
1.09999954891497,-1.09999954891497,2.7745988621995235,2.7745988621995235
1.0999997411652664,-1.0999997411652664,2.7745993471246804,2.7745993471246804
1.0999998122873935,-1.0999998122873935,2.774599526520547,2.774599526520547
1.0999991943852216,-1.0999991943852216,2.7745979679465784,2.7745979679465784
1.1000000811195694,-1.1000000811195694,2.774600204613052,2.774600204613052
1.1000006219529543,-1.1000006219529543,2.7746015687915158,2.7746015687915158
1.0999994267292157,-1.0999994267292157,2.77459855400262,2.77459855400262
1.1000005413510217,-1.1000005413510217,2.7746013654841315,2.7746013654841315
1.0999998635241606,-1.0999998635241606,2.7745996557583052,2.7745996557583052
1.1000002032111966,-1.1000002032111966,2.7746005125725333,2.7746005125725333
1.1000007725941767,-1.1000007725941767,2.774601948763457,2.774601948763457
1.100000991592849,-1.100000991592849,2.7746025011577444,2.7746025011577444
1.099999185093707,-1.099999185093707,2.7745979445099995,2.7745979445099995
1.1000007918504247,-1.1000007918504247,2.7746019973347167,2.7746019973347167
1.1000008998860806,-1.1000008998860806,2.7746022698399266,2.7746022698399266
1.1000003570778292,-1.1000003570778292,2.7746009006801313,2.7746009006801313
1.1000003028384946,-1.1000003028384946,2.7746007638688064,2.7746007638688064
1.1000002470146195,-1.1000002470146195,2.7746006230606937,2.7746006230606937
1.1000001031175888,-1.1000001031175888,2.774600260100056,2.774600260100056
1.099999805353275,-1.099999805353275,2.7745995090301783,2.7745995090301783
1.1000003796790638,-1.1000003796790638,2.774600957688664,2.774600957688664
1.099999893147117,-1.099999893147117,2.7745997304781738,2.7745997304781738
1.1000009289726962,-1.1000009289726962,2.7746023432069484,2.7746023432069484
1.1000006821700483,-1.1000006821700483,2.7746017206809235,2.7746017206809235
1.1000005456037922,-1.1000005456037922,2.774601376211165,2.774601376211165
1.1000001182835086,-1.1000001182835086,2.774600298354021,2.774600298354021
1.1000002223120138,-1.1000002223120138,2.774600560751739,2.774600560751739
1.1000004667914907,-1.1000004667914907,2.774601177417882,2.774601177417882
1.100000043057332,-1.100000043057332,2.7746001086062484,2.7746001086062484
1.100000544213814,-1.100000544213814,2.7746013727051353,2.7746013727051353
1.10000016222559,-1.10000016222559,2.7746004091919287,2.7746004091919287
1.1000004799147305,-1.1000004799147305,2.7746012105194646,2.7746012105194646
1.100000672190586,-1.100000672190586,2.774601695509091,2.774601695509091
1.099999181325089,-1.099999181325089,2.7745979350041745,2.7745979350041745
1.1000005735481797,-1.1000005735481797,2.774601446697072,2.774601446697072
1.0999994347314845,-1.0999994347314845,2.7745985741872516,2.7745985741872516
1.1000009566437559,-1.1000009566437559,2.774602413003423,2.774602413003423
1.1000009119436873,-1.1000009119436873,2.7746023002535956,2.7746023002535956
1.099999775756929,-1.099999775756929,2.7745994343774325,2.7745994343774325
1.0999996284161253,-1.0999996284161253,2.7745990627303465,2.7745990627303465
1.1000000753743728,-1.1000000753743728,2.774600190121577,2.774600190121577
1.09999949065158,-1.09999949065158,2.774598715238067,2.774598715238067
1.1000000648809083,-1.1000000648809083,2.774600163653244,2.774600163653244
1.0999990624864786,-1.0999990624864786,2.7745976352499855,2.7745976352499855
1.0999990430656994,-1.0999990430656994,2.774597586263718,2.774597586263718
1.1000001687438379,-1.1000001687438379,2.774600425633321,2.774600425633321
1.0999995486038532,-1.0999995486038532,2.7745988614147734,2.7745988614147734
1.1000005604063434,-1.1000005604063434,2.774601413548582,2.774601413548582
1.1000003820768682,-1.1000003820768682,2.7746009637367988,2.7746009637367988
1.1000002458600835,-1.1000002458600835,2.7746006201485343,2.7746006201485343
1.100000595100373,-1.100000595100373,2.7746015010595406,2.7746015010595406
1.0999991297359937,-1.0999991297359937,2.7745978048777165,2.7745978048777165
1.1000005811602878,-1.1000005811602878,2.7746014658975766,2.7746014658975766
1.0999997358470122,-1.0999997358470122,2.7745993337101087,2.7745993337101087
1.099999127042554,-1.099999127042554,2.774597798083882,2.774597798083882
1.1000003835385752,-1.1000003835385752,2.7746009674237553,2.7746009674237553
1.1000005894750113,-1.1000005894750113,2.774601486870333,2.774601486870333
1.099999588036629,-1.099999588036629,2.774598960878573,2.774598960878573
1.0999996487806438,-1.0999996487806438,2.7745991140970676,2.7745991140970676
1.0999994078587272,-1.0999994078587272,2.774598506404386,2.774598506404386
1.100000062915535,-1.100000062915535,2.7746001586958577,2.7746001586958577
1.0999992302584582,-1.0999992302584582,2.7745980584319256,2.7745980584319256
1.1000004696652474,-1.1000004696652474,2.7746011846665413,2.7746011846665413
1.099999490774205,-1.099999490774205,2.774598715547372,2.774598715547372
1.0999992909162006,-1.0999992909162006,2.7745982114328096,2.7745982114328096
1.0999995472992299,-1.0999995472992299,2.7745988581240395,2.7745988581240395
1.1000002950105092,-1.1000002950105092,2.7746007441237808,2.7746007441237808
1.1000009491759877,-1.1000009491759877,2.7746023941669957,2.7746023941669957
1.1000001489770046,-1.1000001489770046,2.7746003757741793,2.7746003757741793
1.099999659503462,-1.099999659503462,2.774599141143914,2.774599141143914
1.099999841257904,-1.099999841257904,2.7745995995947093,2.7745995995947093
1.0999999368719846,-1.0999999368719846,2.7745998407681896,2.7745998407681896
1.1000008822364797,-1.1000008822364797,2.7746022253212153,2.7746022253212153
1.0999998974429759,-1.0999998974429759,2.7745997413138914,2.7745997413138914
1.0999990448907826,-1.0999990448907826,2.7745975908672413,2.7745975908672413
1.0999989576319948,-1.0999989576319948,2.774597370768848,2.774597370768848
1.0999989520317384,-1.0999989520317384,2.774597356642965,2.774597356642965
1.1000009647028122,-1.1000009647028122,2.7746024333312933,2.7746024333312933
1.1000006269558926,-1.1000006269558926,2.774601581410745,2.774601581410745
1.1000008537375463,-1.1000008537375463,2.7746021534365415,2.7746021534365415
1.10000077085737,-1.10000077085737,2.774601944382599,2.774601944382599
1.100000023685601,-1.100000023685601,2.7746000597436984,2.7746000597436984
1.1000007046510494,-1.1000007046510494,2.7746017773861835,2.7746017773861835
1.1000005726685167,-1.1000005726685167,2.774601444478242,2.774601444478242
1.1000004461969783,-1.1000004461969783,2.7746011254710328,2.7746011254710328
1.0999993859976327,-1.0999993859976327,2.774598451262756,2.774598451262756
1.0999993569880542,-1.0999993569880542,2.7745983780900505,2.7745983780900505
1.1000005206171937,-1.1000005206171937,2.7746013131858778,2.7746013131858778
1.0999998523959702,-1.0999998523959702,2.7745996276889624,2.7745996276889624
1.0999998722697852,-1.0999998722697852,2.7745996778179514,2.7745996778179514
1.1000005474649497,-1.1000005474649497,2.7746013809056813,2.7746013809056813
1.1000007632145299,-1.1000007632145299,2.774601925104577,2.774601925104577
1.0999992343218363,-1.0999992343218363,2.7745980686812426,2.7745980686812426
1.1000008166583557,-1.1000008166583557,2.7746020599093395,2.7746020599093395
1.1000008660519929,-1.1000008660519929,2.774602184498054,2.774602184498054
1.1000009216744295,-1.1000009216744295,2.774602324798066,2.774602324798066
1.100000551138822,-1.100000551138822,2.774601390172523,2.774601390172523
1.0999992673135084,-1.0999992673135084,2.7745981518982368,2.7745981518982368
1.1000006001280127,-1.1000006001280127,2.774601513741076,2.774601513741076
1.100000624710822,-1.100000624710822,2.7746015757478606,2.7746015757478606
1.0999993828722194,-1.0999993828722194,2.774598443379327,2.774598443379327
1.0999995696474523,-1.0999995696474523,2.7745989144943826,2.7745989144943826
1.1000004345894203,-1.1000004345894203,2.7746010961925505,2.7746010961925505
1.1000005770399603,-1.1000005770399603,2.774601455504613,2.774601455504613
1.1000004297624457,-1.1000004297624457,2.7746010840171653,2.7746010840171653
1.1000008515426325,-1.1000008515426325,2.774602147900171,2.774602147900171
1.0999991217935594,-1.0999991217935594,2.774597784844009,2.774597784844009
1.0999995497113182,-1.0999995497113182,2.7745988642082033,2.7745988642082033
1.1000000456112955,-1.1000000456112955,2.774600115048273,2.774600115048273
1.1000001841524807,-1.1000001841524807,2.774600464499521,2.774600464499521
1.0999990472642764,-1.0999990472642764,2.774597596854056,2.774597596854056
1.1000004237355046,-1.1000004237355046,2.774601068815028,2.774601068815028
1.0999990997965443,-1.0999990997965443,2.7745977293595376,2.7745977293595376
1.100000450844036,-1.100000450844036,2.7746011371926023,2.7746011371926023
1.1000008423181236,-1.1000008423181236,2.774602124632605,2.774602124632605
1.0999993095180465,-1.0999993095180465,2.774598258353429,2.774598258353429
1.1000009779610453,-1.1000009779610453,2.7746024667733784,2.7746024667733784
1.0999997050328976,-1.0999997050328976,2.7745992559857067,2.7745992559857067
1.0999990974229057,-1.0999990974229057,2.7745977233723584,2.7745977233723584
1.0999995325494638,-1.0999995325494638,2.774598820919766,2.774598820919766
1.100000213336123,-1.100000213336123,2.7746005381112795,2.7746005381112795
1.100000273943608,-1.100000273943608,2.774600690985395,2.774600690985395
1.10000066272009,-1.10000066272009,2.7746016716210558,2.7746016716210558
1.1000000837174178,-1.1000000837174178,2.7746002111657706,2.7746002111657706
1.100000361342793,-1.100000361342793,2.7746009114379215,2.7746009114379215
1.0999991262312685,-1.0999991262312685,2.774597796037525,2.774597796037525
1.0999995701998908,-1.0999995701998908,2.7745989158878337,2.7745989158878337
1.1000002718176205,-1.1000002718176205,2.7746006856228815,2.7746006856228815
1.0999991574684973,-1.0999991574684973,2.7745978748291753,2.7745978748291753
1.1000007327311367,-1.1000007327311367,2.774601848214375,2.774601848214375
1.1000009456938644,-1.1000009456938644,2.7746023853838144,2.7746023853838144
1.1000000575487519,-1.1000000575487519,2.7746001451588787,2.7746001451588787
1.0999991002628864,-1.0999991002628864,2.774597730535822,2.774597730535822
1.099999227445115,-1.099999227445115,2.7745980513356505,2.7745980513356505
1.100000512538698,-1.100000512538698,2.774601292808974,2.774601292808974
1.100000539173363,-1.100000539173363,2.7746013599912844,2.7746013599912844
1.0999992137472947,-1.0999992137472947,2.7745980167847675,2.7745980167847675
1.100000645460096,-1.100000645460096,2.7746016280850747,2.7746016280850747
1.0999990227052858,-1.0999990227052858,2.774597534907351,2.774597534907351
1.1000000147353046,-1.1000000147353046,2.774600037167797,2.774600037167797
1.0999995230925212,-1.0999995230925212,2.7745987970659174,2.7745987970659174
1.0999994848774572,-1.0999994848774572,2.7745987006736303,2.7745987006736303
1.09999959473941,-1.09999959473941,2.7745989777854243,2.7745989777854243
1.1000003533254772,-1.1000003533254772,2.7746008912153353,2.7746008912153353
1.0999991009091827,-1.0999991009091827,2.7745977321660167,2.7745977321660167
1.0999991850134925,-1.0999991850134925,2.774597944307669,2.774597944307669
1.1000007525548705,-1.1000007525548705,2.77460189821704,2.77460189821704
1.0999990737299234,-1.0999990737299234,2.7745976636100416,2.7745976636100416
1.1000008984805572,-1.1000008984805572,2.7746022662946856,2.7746022662946856
1.1000005533461434,-1.1000005533461434,2.7746013957401905,2.7746013957401905
1.1000004178681013,-1.1000004178681013,2.7746010540153034,2.7746010540153034
1.099999677462731,-1.099999677462731,2.774599186443721,2.774599186443721
1.099999982581451,-1.099999982581451,2.7745999560640855,2.7745999560640855
1.0999992649788843,-1.0999992649788843,2.7745981460094655,2.7745981460094655
1.099999181894909,-1.099999181894909,2.774597936441468,2.774597936441468
1.0999993222479911,-1.0999993222479911,2.7745982904629782,2.7745982904629782
1.0999998492982932,-1.0999998492982932,2.7745996198754947,2.7745996198754947
1.1000000211910346,-1.1000000211910346,2.774600053451495,2.774600053451495
1.0999992625992847,-1.0999992625992847,2.7745981400072504,2.7745981400072504
1.099999715056082,-1.099999715056082,2.7745992812678226,2.7745992812678226
1.1000001380083844,-1.1000001380083844,2.7746003481073305,2.7746003481073305
1.100000489442285,-1.100000489442285,2.774601234551422,2.774601234551422
1.0999991760603103,-1.0999991760603103,2.7745979217244883,2.7745979217244883
1.0999992892378345,-1.0999992892378345,2.77459820719936,2.77459820719936
1.0999992237472023,-1.0999992237472023,2.7745980420081704,2.7745980420081704
1.1000003688274462,-1.1000003688274462,2.7746009303169386,2.7746009303169386
1.1000010038976409,-1.1000010038976409,2.774602532194904,2.774602532194904
1.1000006102269237,-1.1000006102269237,2.7746015392142023,2.7746015392142023
1.1000004831641288,-1.1000004831641288,2.774601218715629,2.774601218715629
1.100000301345513,-1.100000301345513,2.774600760102964,2.774600760102964
1.0999993640052372,-1.0999993640052372,2.774598395789938,2.774598395789938
1.1000001409673492,-1.1000001409673492,2.7746003555709153,2.7746003555709153
1.0999989595671233,-1.0999989595671233,2.774597375649946,2.774597375649946
1.0999994100385628,-1.0999994100385628,2.7745985119027243,2.7745985119027243
1.0999991959089335,-1.0999991959089335,2.7745979717899334,2.7745979717899334
1.099998951514806,-1.099998951514806,2.7745973553390733,2.7745973553390733
1.1000001667902248,-1.1000001667902248,2.7746004207055983,2.7746004207055983
1.1000003918002852,-1.1000003918002852,2.774600988262792,2.774600988262792
1.0999997668061017,-1.0999997668061017,2.774599411800191,2.774599411800191
1.1000009410971128,-1.1000009410971128,2.7746023737891354,2.7746023737891354
1.100000689844705,-1.100000689844705,2.774601740039199,2.774601740039199
1.0999990034000107,-1.0999990034000107,2.7745974862124267,2.7745974862124267
1.099999325452959,-1.099999325452959,2.7745982985470725,2.7745982985470725
1.1000004536862025,-1.1000004536862025,2.7746011443615797,2.7746011443615797
1.099999409590605,-1.099999409590605,2.7745985107728113,2.7745985107728113
1.0999995759233792,-1.0999995759233792,2.7745989303245526,2.7745989303245526
1.100000579447032,-1.100000579447032,2.7746014615761228,2.7746014615761228
1.0999989795981397,-1.0999989795981397,2.7745974261754536,2.7745974261754536
1.0999997091046119,-1.0999997091046119,2.774599266256051,2.774599266256051
1.100000135901204,-1.100000135901204,2.774600342792255,2.774600342792255
1.1000004900383094,-1.1000004900383094,2.774601236054812,2.774601236054812
1.1000002403684848,-1.1000002403684848,2.7746006062967252,2.7746006062967252
1.1000000297288588,-1.1000000297288588,2.774600074986992,2.774600074986992
1.0999996482335967,-1.0999996482335967,2.774599112717216,2.774599112717216
1.1000001832088708,-1.1000001832088708,2.774600462119394,2.774600462119394
1.100000313221225,-1.100000313221225,2.7746007900578284,2.7746007900578284
1.099999503309812,-1.099999503309812,2.7745987471667313,2.7745987471667313
1.1000009600922143,-1.1000009600922143,2.774602421701689,2.774602421701689
1.1000007979435689,-1.1000007979435689,2.7746020127038418,2.7746020127038418
1.099999235602311,-1.099999235602311,2.7745980719110657,2.7745980719110657
1.099999947072599,-1.099999947072599,2.7745998664978484,2.7745998664978484
1.0999997808828077,-1.0999997808828077,2.774599447306762,2.774599447306762
1.0999998394101365,-1.0999998394101365,2.774599594933968,2.774599594933968
1.1000003242077452,-1.1000003242077452,2.774600817769827,2.774600817769827
1.0999998268498283,-1.0999998268498283,2.7745995632523033,2.7745995632523033
1.099999958826737,-1.099999958826737,2.774599896146059,2.774599896146059
1.099999778172576,-1.099999778172576,2.7745994404705723,2.7745994404705723
1.100001038618696,-1.100001038618696,2.7746026197740306,2.7746026197740306
1.0999993511779873,-1.0999993511779873,2.774598363434949,2.774598363434949
1.0999995966325256,-1.0999995966325256,2.7745989825605504,2.7745989825605504
1.100000990940234,-1.100000990940234,2.774602499511612,2.774602499511612
1.1000005540031264,-1.1000005540031264,2.77460139739734,2.77460139739734
1.1000009467891265,-1.1000009467891265,2.774602388146464,2.774602388146464
1.0999996826065923,-1.0999996826065923,2.77459919941841,2.77459919941841
1.1000010253090142,-1.1000010253090142,2.7746025862021733,2.7746025862021733
1.099999337072172,-1.099999337072172,2.7745983278549526,2.7745983278549526
1.0999993207204293,-1.0999993207204293,2.774598286609912,2.774598286609912
1.099999674538409,-1.099999674538409,2.774599179067518,2.774599179067518
1.0999998060548366,-1.0999998060548366,2.7745995107997725,2.7745995107997725
1.100000249704647,-1.100000249704647,2.7746006298459216,2.7746006298459216
1.0999995686610287,-1.0999995686610287,2.774598912006264,2.774598912006264
1.1000002384288428,-1.1000002384288428,2.7746006014042424,2.7746006014042424
1.100000422024348,-1.100000422024348,2.774601064498869,2.774601064498869
1.099999715486056,-1.099999715486056,2.7745992823523733,2.7745992823523733
1.1000002741268502,-1.1000002741268502,2.7746006914475987,2.7746006914475987
1.0999991042341501,-1.0999991042341501,2.7745977405527937,2.7745977405527937
1.1000008475813805,-1.1000008475813805,2.774602137908453,2.774602137908453
1.099999181745033,-1.099999181745033,2.774597936063426,2.774597936063426
1.1000003182415818,-1.1000003182415818,2.7746008027209936,2.7746008027209936
1.1000009874632402,-1.1000009874632402,2.7746024907413696,2.7746024907413696
1.1000005921859128,-1.1000005921859128,2.7746014937082126,2.7746014937082126
1.0999991026720424,-1.0999991026720424,2.77459773661259,2.77459773661259
1.1000006082634426,-1.1000006082634426,2.774601534261589,2.774601534261589
1.1000004591088124,-1.1000004591088124,2.7746011580393737,2.7746011580393737
1.1000007391364466,-1.1000007391364466,2.774601864370895,2.774601864370895
1.1000002943915628,-1.1000002943915628,2.7746007425625727,2.7746007425625727
1.0999993853547372,-1.0999993853547372,2.77459844964114,2.77459844964114
1.1000009289840311,-1.1000009289840311,2.7746023432355384,2.7746023432355384
1.0999993787569762,-1.0999993787569762,2.7745984329991873,2.7745984329991873
1.1000007995529177,-1.1000007995529177,2.774602016763205,2.774602016763205
1.0999991935112496,-1.0999991935112496,2.7745979657421027,2.7745979657421027
1.099999192880093,-1.099999192880093,2.774597964150096,2.774597964150096
1.0999993693541563,-1.0999993693541563,2.7745984092818565,2.7745984092818565
1.0999999118403716,-1.0999999118403716,2.774599777629359,2.774599777629359
1.0999999665784654,-1.0999999665784654,2.774599915698736,2.774599915698736
1.099999457343798,-1.099999457343798,2.7745986312237285,2.7745986312237285
1.1000002151061712,-1.1000002151061712,2.774600542575984,2.774600542575984
1.0999997766716494,-1.0999997766716494,2.7745994366846896,2.7745994366846896
1.100000871349097,-1.100000871349097,2.7746021978592768,2.7746021978592768
1.1000000756648343,-1.1000000756648343,2.7746001908542266,2.7746001908542266
1.0999991951224666,-1.0999991951224666,2.7745979698061776,2.7745979698061776
1.0999997427833101,-1.0999997427833101,2.774599351205975,2.774599351205975
1.0999991109014033,-1.0999991109014033,2.7745977573700307,2.7745977573700307
1.0999999560228992,-1.0999999560228992,2.77459988907376,2.77459988907376
1.1000009080469735,-1.1000009080469735,2.7746022904246663,2.7746022904246663
1.100000502733428,-1.100000502733428,2.7746012680765175,2.7746012680765175
1.1000001783294997,-1.1000001783294997,2.7746004498118455,2.7746004498118455
1.1000006324538558,-1.1000006324538558,2.774601595278608,2.774601595278608
1.0999993760059348,-1.0999993760059348,2.7745984260600607,2.7745984260600607
1.1000005428072968,-1.1000005428072968,2.774601369157387,2.774601369157387
1.1000006616970033,-1.1000006616970033,2.7746016690404596,2.7746016690404596
1.0999995553515909,-1.0999995553515909,2.774598878435022,2.774598878435022
1.100000706253819,-1.100000706253819,2.7746017814289514,2.7746017814289514
1.1000000616126133,-1.1000000616126133,2.774600155409415,2.774600155409415
1.0999999349522036,-1.0999999349522036,2.7745998359258035,2.7745998359258035
1.1000009979731795,-1.1000009979731795,2.774602517251258,2.774602517251258
1.1000008416972775,-1.1000008416972775,2.7746021230666056,2.7746021230666056
1.100000993213698,-1.100000993213698,2.7746025052461154,2.7746025052461154
1.1000010118315615,-1.1000010118315615,2.774602552207137,2.774602552207137
1.100000854502124,-1.100000854502124,2.7746021553650846,2.7746021553650846
1.1000000973116815,-1.1000000973116815,2.774600245455447,2.774600245455447
1.1000001895491336,-1.1000001895491336,2.7746004781118416,2.7746004781118416
1.099999122958324,-1.099999122958324,2.7745977877819685,2.7745977877819685
1.100000281715937,-1.100000281715937,2.7746007105900348,2.7746007105900348
1.0999992409082113,-1.0999992409082113,2.7745980852944756,2.7745980852944756
1.1000001220109652,-1.1000001220109652,2.774600307756022,2.774600307756022
1.0999991441930879,-1.0999991441930879,2.774597841343765,2.774597841343765
1.099999679139674,-1.099999679139674,2.774599190673581,2.774599190673581
1.099999949240331,-1.099999949240331,2.774599871965657,2.774599871965657
1.0999998036639753,-1.0999998036639753,2.774599504769151,2.774599504769151
1.0999999667844966,-1.0999999667844966,2.7745999162184223,2.7745999162184223
1.0999996232557652,-1.0999996232557652,2.774599049714042,2.774599049714042
1.0999995226863324,-1.0999995226863324,2.774598796041362,2.774598796041362
1.100000964225801,-1.100000964225801,2.774602432128098,2.774602432128098
1.1000006078081357,-1.1000006078081357,2.774601533113139,2.774601533113139
1.1000007527736781,-1.1000007527736781,2.7746018987689522,2.7746018987689522
1.0999989712583835,-1.0999989712583835,2.774597405139555,2.774597405139555
1.1000004308923619,-1.1000004308923619,2.7746010868672246,2.7746010868672246
1.1000006681665946,-1.1000006681665946,2.7746016853591216,2.7746016853591216
1.100000053777515,-1.100000053777515,2.7746001356464483,2.7746001356464483
1.1000007135833871,-1.1000007135833871,2.774601799916787,2.774601799916787
1.1000003018407656,-1.1000003018407656,2.774600761352171,2.774600761352171
1.0999994375719881,-1.0999994375719881,2.7745985813520346,2.7745985813520346
1.099999444263863,-1.099999444263863,2.7745985982313766,2.7745985982313766
1.0999992243563521,-1.0999992243563521,2.7745980435446675,2.7745980435446675
1.0999996189880266,-1.0999996189880266,2.7745990389492534,2.7745990389492534
1.0999999637606823,-1.0999999637606823,2.774599908591263,2.774599908591263
1.1000002068862165,-1.1000002068862165,2.7746005218422694,2.7746005218422694
1.1000002295289646,-1.1000002295289646,2.7746005789555137,2.7746005789555137
1.1000002576339645,-1.1000002576339645,2.7746006498465436,2.7746006498465436
1.099999747088992,-1.099999747088992,2.77459936206647,2.77459936206647
1.100000903819564,-1.100000903819564,2.774602279761602,2.774602279761602
1.1000009520866822,-1.1000009520866822,2.774602401508826,2.774602401508826
1.0999995262407727,-1.0999995262407727,2.7745988050069523,2.7745988050069523
1.0999996468523343,-1.0999996468523343,2.77459910923317,2.77459910923317
1.1000004435597377,-1.1000004435597377,2.774601118818953,2.774601118818953
1.0999999343266016,-1.0999999343266016,2.7745998343478084,2.7745998343478084
1.099999276982869,-1.099999276982869,2.77459817628788,2.77459817628788
1.0999990789342338,-1.0999990789342338,2.7745976767372045,2.7745976767372045
1.1000009348382054,-1.1000009348382054,2.774602358001895,2.774602358001895
1.0999998663626152,-1.0999998663626152,2.77459966291792,2.77459966291792
1.0999999622093153,-1.0999999622093153,2.774599904678151,2.774599904678151
1.1000004924124578,-1.1000004924124578,2.774601242043278,2.774601242043278
1.0999995034679557,-1.0999995034679557,2.7745987475656273,2.7745987475656273
1.100000445382685,-1.100000445382685,2.774601123417089,2.774601123417089
1.0999990511679083,-1.0999990511679083,2.774597606700435,2.774597606700435
1.1000004851992289,-1.1000004851992289,2.774601223848891,2.774601223848891
1.0999993072792376,-1.0999993072792376,2.7745982527063386,2.7745982527063386
1.0999999519154735,-1.0999999519154735,2.774599878713339,2.774599878713339
1.0999991483814333,-1.0999991483814333,2.7745978519082954,2.7745978519082954
1.100000845752703,-1.100000845752703,2.7746021332958635,2.7746021332958635
1.0999996131829828,-1.0999996131829828,2.7745990243068217,2.7745990243068217
1.1000004761597637,-1.1000004761597637,2.774601201048073,2.774601201048073
1.099999816264015,-1.099999816264015,2.774599536551033,2.774599536551033
1.0999995824318802,-1.0999995824318802,2.7745989467413588,2.7745989467413588
1.1000001810691475,-1.1000001810691475,2.7746004567222333,2.7746004567222333
1.1000010109607115,-1.1000010109607115,2.7746025500105365,2.7746025500105365
1.0999998342839215,-1.0999998342839215,2.7745995820037894,2.7745995820037894
1.1000004836969879,-1.1000004836969879,2.7746012200596932,2.7746012200596932
1.1000008975435127,-1.1000008975435127,2.7746022639311185,2.7746022639311185
1.099999127495352,-1.099999127495352,2.774597799226003,2.774597799226003
1.1000004289570582,-1.1000004289570582,2.774601081985685,2.774601081985685
1.0999996746731022,-1.0999996746731022,2.774599179407263,2.774599179407263
1.0999991836330945,-1.0999991836330945,2.7745979408258035,2.7745979408258035
1.100000238044732,-1.100000238044732,2.774600600435376,2.774600600435376
1.1000008886700263,-1.1000008886700263,2.774602241548959,2.774602241548959
1.100000700129476,-1.100000700129476,2.7746017659811315,2.7746017659811315
1.099999874343089,-1.099999874343089,2.774599683047577,2.774599683047577
1.1000007626142554,-1.1000007626142554,2.774601923590466,2.774601923590466
1.1000010301253516,-1.1000010301253516,2.7746025983507274,2.7746025983507274
1.0999997955850005,-1.0999997955850005,2.7745994843910387,2.7745994843910387
1.099999369912721,-1.099999369912721,2.7745984106907597,2.7745984106907597
1.1000004609322733,-1.1000004609322733,2.774601162638805,2.774601162638805
1.0999999321968057,-1.0999999321968057,2.7745998289756884,2.7745998289756884
1.099999535497704,-1.099999535497704,2.7745988283562997,2.7745988283562997
1.0999999689664504,-1.0999999689664504,2.774599921722103,2.774599921722103
1.0999994121259675,-1.0999994121259675,2.7745985171679175,2.7745985171679175
1.1000005773311663,-1.1000005773311663,2.77460145623914,2.77460145623914
1.0999998146506935,-1.0999998146506935,2.7745995324816493,2.7745995324816493
1.099999027946457,-1.099999027946457,2.774597548127491,2.774597548127491
1.099999158677041,-1.099999158677041,2.774597877877562,2.774597877877562
1.1000001430919488,-1.1000001430919488,2.7746003609299286,2.7746003609299286
1.1000003267087173,-1.1000003267087173,2.7746008240781883,2.7746008240781883
1.0999997599552083,-1.0999997599552083,2.774599394519746,2.774599394519746
1.0999991736360606,-1.0999991736360606,2.774597915609649,2.774597915609649
1.1000005410375626,-1.1000005410375626,2.774601364693474,2.774601364693474
1.0999996006416124,-1.0999996006416124,2.7745989926729253,2.7745989926729253
1.100000343259632,-1.100000343259632,2.7746008658256134,2.7746008658256134
1.0999993423224483,-1.0999993423224483,2.7745983410980593,2.7745983410980593
1.0999999273978964,-1.0999999273978964,2.774599816871094,2.774599816871094
1.100000966850727,-1.100000966850727,2.7746024387491155,2.7746024387491155
1.0999996809550596,-1.0999996809550596,2.774599195252644,2.774599195252644
1.1000001332364184,-1.1000001332364184,2.774600336070697,2.774600336070697
1.100000419851,-1.100000419851,2.774601059016895,2.774601059016895
1.100000830981294,-1.100000830981294,2.774602096036999,2.774602096036999
1.0999998618394518,-1.0999998618394518,2.774599651508857,2.774599651508857
1.1000007294945355,-1.1000007294945355,2.7746018400504897,2.7746018400504897
1.0999993549949887,-1.0999993549949887,2.774598373062814,2.774598373062814
1.1000004577781433,-1.1000004577781433,2.774601154682942,2.774601154682942
1.0999995899344435,-1.0999995899344435,2.7745989656655516,2.7745989656655516
1.0999993126697862,-1.0999993126697862,2.774598266303263,2.774598266303263
1.09999942753618,-1.09999942753618,2.7745985560380775,2.7745985560380775
1.0999993220598843,-1.0999993220598843,2.7745982899885044,2.7745982899885044
1.099999609398475,-1.099999609398475,2.7745990147609167,2.7745990147609167
1.1000008734250608,-1.1000008734250608,2.7746022030956126,2.7746022030956126
1.1000000869934734,-1.1000000869934734,2.774600219429174,2.774600219429174
1.1000003663210853,-1.1000003663210853,2.774600923994985,2.774600923994985
1.1000007642476,-1.1000007642476,2.7746019277103553,2.7746019277103553
1.0999993976007263,-1.0999993976007263,2.7745984805299777,2.7745984805299777
1.1000000000720653,-1.1000000000720653,2.7746000001817754,2.7746000001817754
1.1000004187782937,-1.1000004187782937,2.77460105631114,2.77460105631114
1.1000004772648921,-1.1000004772648921,2.774601203835609,2.774601203835609
1.0999999834934768,-1.0999999834934768,2.7745999583645458,2.7745999583645458
1.0999997717560828,-1.0999997717560828,2.7745994242858427,2.7745994242858427
1.0999991639469107,-1.0999991639469107,2.7745978911700897,2.7745978911700897
1.1000009715817884,-1.1000009715817884,2.7746024506825733,2.7746024506825733
1.0999992401200354,-1.0999992401200354,2.774598083306409,2.774598083306409
1.1000004811722324,-1.1000004811722324,2.7746012136913416,2.7746012136913416
1.1000006251770615,-1.1000006251770615,2.7746015769238865,2.7746015769238865
1.0999990571737555,-1.0999990571737555,2.7745976218493658,2.7745976218493658
1.1000003557630416,-1.1000003557630416,2.7746008973637593,2.7746008973637593
1.1000001731400215,-1.1000001731400215,2.7746004367220944,2.7746004367220944
1.1000002468814905,-1.1000002468814905,2.774600622724894,2.774600622724894
1.100000623281781,-1.100000623281781,2.7746015721432995,2.7746015721432995
1.0999997310458223,-1.0999997310458223,2.774599321599762,2.774599321599762
1.0999996671530008,-1.0999996671530008,2.7745991604388327,2.7745991604388327
1.0999997975848588,-1.0999997975848588,2.774599489435408,2.774599489435408
1.0999993004522566,-1.0999993004522566,2.77459823548621,2.77459823548621
1.1000002437800205,-1.1000002437800205,2.7746006149018587,2.7746006149018587
1.100000738872574,-1.100000738872574,2.7746018637053127,2.7746018637053127
1.1000002284347623,-1.1000002284347623,2.7746005761955375,2.7746005761955375
1.0999992408414052,-1.0999992408414052,2.774598085125966,2.774598085125966
1.0999995809601761,-1.0999995809601761,2.7745989430291864,2.7745989430291864
1.0999992535979837,-1.0999992535979837,2.774598117302696,2.774598117302696
1.1000009333008514,-1.1000009333008514,2.7746023541241294,2.7746023541241294
1.09999923983365,-1.09999923983365,2.7745980825840415,2.7745980825840415
1.0999997772860566,-1.0999997772860566,2.7745994382344477,2.7745994382344477
1.0999995757358074,-1.0999995757358074,2.7745989298514284,2.7745989298514284
1.1000004628617357,-1.1000004628617357,2.774601167505611,2.774601167505611
1.1000002537928282,-1.1000002537928282,2.774600640157801,2.774600640157801
1.1000009079379398,-1.1000009079379398,2.7746022901496437,2.7746022901496437
1.0999992226929225,-1.0999992226929225,2.7745980393488936,2.7745980393488936
1.1000007557464626,-1.1000007557464626,2.774601906267396,2.774601906267396
1.1000003206228193,-1.1000003206228193,2.77460080872734,2.77460080872734
1.1000002479538173,-1.1000002479538173,2.7746006254296924,2.7746006254296924
1.0999995099167454,-1.0999995099167454,2.77459876383182,2.77459876383182
1.0999999180527011,-1.0999999180527011,2.7745997932991133,2.7745997932991133
1.0999992006057933,-1.0999992006057933,2.774597983637122,2.774597983637122
1.0999994217855134,-1.0999994217855134,2.774598541532805,2.774598541532805
1.1000004707443278,-1.1000004707443278,2.7746011873883742,2.7746011873883742
1.100000591595881,-1.100000591595881,2.774601492219938,2.774601492219938
1.0999998674354627,-1.0999998674354627,2.774599665624032,2.774599665624032
1.099999987318428,-1.099999987318428,2.774599968012464,2.774599968012464
1.1000007362672277,-1.1000007362672277,2.7746018571336815,2.7746018571336815
1.0999998692231803,-1.0999998692231803,2.7745996701333056,2.7745996701333056
1.1000006928802277,-1.1000006928802277,2.774601747695891,2.774601747695891
1.100000615276519,-1.100000615276519,2.774601551951118,2.774601551951118
1.1000006908820132,-1.1000006908820132,2.7746017426556673,2.7746017426556673
1.100000423314431,-1.100000423314431,2.7746010677529274,2.7746010677529274
1.1000005716815444,-1.1000005716815444,2.774601441988739,2.774601441988739
1.1000009230487426,-1.1000009230487426,2.774602328264583,2.774602328264583
1.1000000617915155,-1.1000000617915155,2.774600155860672,2.774600155860672
1.1000007358942938,-1.1000007358942938,2.774601856193007,2.774601856193007
1.099999645246185,-1.099999645246185,2.7745991051818772,2.7745991051818772
1.0999998936698765,-1.0999998936698765,2.7745997317967634,2.7745997317967634
1.1000002479462483,-1.1000002479462483,2.7746006254106006,2.7746006254106006
1.1000009781307825,-1.1000009781307825,2.7746024672015177,2.7746024672015177
1.1000005068292702,-1.1000005068292702,2.774601278407721,2.774601278407721
1.0999997570447342,-1.0999997570447342,2.774599387178472,2.774599387178472
1.0999999594184076,-1.0999999594184076,2.7745998976384674,2.7745998976384674
1.0999995164910397,-1.0999995164910397,2.7745987804145806,2.7745987804145806
1.0999992945005121,-1.0999992945005121,2.7745982204737465,2.7745982204737465
1.09999978685872,-1.09999978685872,2.774599462380186,2.774599462380186
1.099999234075611,-1.099999234075611,2.774598068060173,2.774598068060173
1.0999996248791968,-1.0999996248791968,2.774599053808927,2.774599053808927
1.0999999570596097,-1.0999999570596097,2.7745998916887213,2.7745998916887213
1.1000009334350984,-1.1000009334350984,2.774602354462749,2.774602354462749
1.100000872475083,-1.100000872475083,2.774602200699423,2.774602200699423
1.1000007496943267,-1.1000007496943267,2.774601891001708,2.774601891001708
1.1000006703033478,-1.1000006703033478,2.77460169074879,2.77460169074879
1.0999990208748684,-1.0999990208748684,2.774597530290373,2.774597530290373
1.100000683924043,-1.100000683924043,2.7746017251051365,2.7746017251051365
1.0999990771980273,-1.0999990771980273,2.7745976723578605,2.7745976723578605
1.100000769413742,-1.100000769413742,2.774601940741244,2.774601940741244
1.099999088203853,-1.099999088203853,2.7745977001185556,2.7745977001185556
1.099999648564546,-1.099999648564546,2.7745991135519903,2.7745991135519903
1.1000007015481563,-1.1000007015481563,2.7746017695595584,2.7746017695595584
1.100000560068563,-1.100000560068563,2.774601412696577,2.774601412696577
1.0999997117206037,-1.0999997117206037,2.774599272854534,2.774599272854534
1.1000005282623349,-1.1000005282623349,2.774601332469704,2.774601332469704
1.0999998818720167,-1.0999998818720167,2.7745997020382704,2.7745997020382704
1.099999922325538,-1.099999922325538,2.7745998040767614,2.7745998040767614
1.1000002134109987,-1.1000002134109987,2.7746005383001426,2.7746005383001426
1.0999991646386504,-1.0999991646386504,2.7745978929149087,2.7745978929149087
1.1000007122233293,-1.1000007122233293,2.774601796486227,2.774601796486227
1.0999998884777773,-1.0999998884777773,2.774599718700401,2.774599718700401
1.1000003953356774,-1.1000003953356774,2.7746009971803365,2.7746009971803365
1.0999994505504234,-1.0999994505504234,2.7745986140883683,2.7745986140883683
1.1000010209183768,-1.1000010209183768,2.7746025751273895,2.7746025751273895
1.099999375058042,-1.099999375058042,2.7745984236691297,2.7745984236691297
1.0999995592018723,-1.0999995592018723,2.7745988881468318,2.7745988881468318
1.1000002397612632,-1.1000002397612632,2.7746006047650913,2.7746006047650913
1.0999997504908305,-1.0999997504908305,2.774599370647144,2.774599370647144
1.1000000931511669,-1.1000000931511669,2.774600234961116,2.774600234961116
1.0999993604283937,-1.0999993604283937,2.7745983867678374,2.7745983867678374
1.0999996656463347,-1.0999996656463347,2.774599156638473,2.774599156638473
1.1000009224676501,-1.1000009224676501,2.774602326798856,2.774602326798856
1.0999994821133274,-1.0999994821133274,2.7745986937014893,2.7745986937014893
1.1000008445950844,-1.1000008445950844,2.7746021303759285,2.7746021303759285
1.1000005398246824,-1.1000005398246824,2.7746013616341485,2.7746013616341485
1.0999989566976458,-1.0999989566976458,2.77459736841208,2.77459736841208
1.0999989895909505,-1.0999989895909505,2.774597451380956,2.774597451380956
1.0999996337165447,-1.0999996337165447,2.774599076099932,2.774599076099932
1.1000007586110698,-1.1000007586110698,2.774601913492977,2.774601913492977
1.1000005839822078,-1.1000005839822078,2.774601473015485,2.774601473015485
1.1000000767851792,-1.1000000767851792,2.7746001936801434,2.7746001936801434
1.099999840123118,-1.099999840123118,2.7745995967323664,2.7745995967323664
1.0999996672325103,-1.0999996672325103,2.7745991606393847,2.7745991606393847
1.0999999197970078,-1.0999999197970078,2.7745997976988894,2.7745997976988894
1.1000006824165245,-1.1000006824165245,2.774601721302626,2.774601721302626
1.1000006930055224,-1.1000006930055224,2.7746017480119294,2.7746017480119294
1.0999992942041479,-1.0999992942041479,2.774598219726208,2.774598219726208
1.1000000752911108,-1.1000000752911108,2.7746001899115598,2.7746001899115598
1.1000004805319041,-1.1000004805319041,2.774601212076201,2.774601212076201
1.099999060620102,-1.099999060620102,2.7745976305423046,2.7745976305423046
1.0999991358723127,-1.0999991358723127,2.774597820355744,2.774597820355744
1.1000007914738092,-1.1000007914738092,2.7746019963847552,2.7746019963847552
1.1000000823345328,-1.1000000823345328,2.7746002076776315,2.7746002076776315
1.1000008787937827,-1.1000008787937827,2.774602216637481,2.774602216637481
1.100000116183003,-1.100000116183003,2.7746002930557823,2.7746002930557823
1.0999994059635374,-1.0999994059635374,2.774598501624028,2.774598501624028
1.0999998699287654,-1.0999998699287654,2.7745996719130477,2.7745996719130477
1.0999992302670873,-1.0999992302670873,2.774598058453692,2.774598058453692
1.1000002626452254,-1.1000002626452254,2.774600662486766,2.774600662486766
1.0999996375202816,-1.0999996375202816,2.77459908569434,2.77459908569434
1.099999808727877,-1.099999808727877,2.7745995175421525,2.7745995175421525
1.1000008606453804,-1.1000008606453804,2.7746021708606117,2.7746021708606117
1.0999990126336818,-1.0999990126336818,2.7745975095031032,2.7745975095031032
1.099999675673473,-1.099999675673473,2.774599181930562,2.774599181930562
1.1000006797299355,-1.1000006797299355,2.7746017145260717,2.7746017145260717
1.0999996477550351,-1.0999996477550351,2.77459911151011,2.77459911151011
1.1000004398450745,-1.1000004398450745,2.7746011094492213,2.7746011094492213
1.0999995160551355,-1.0999995160551355,2.7745987793150717,2.7745987793150717
1.099999402890388,-1.099999402890388,2.774598493872428,2.774598493872428
1.0999991899862953,-1.0999991899862953,2.774597956850886,2.774597956850886
1.099999778132794,-1.099999778132794,2.7745994403702277,2.7745994403702277
1.0999998903451362,-1.0999998903451362,2.774599723410559,2.774599723410559
1.100001032203436,-1.100001032203436,2.774602603592412,2.774602603592412
1.1000000738516822,-1.1000000738516822,2.774600186280798,2.774600186280798
1.1000001401948194,-1.1000001401948194,2.774600353622314,2.774600353622314
1.100000470004081,-1.100000470004081,2.774601185521203,2.774601185521203
1.1000006396151547,-1.1000006396151547,2.7746016133420075,2.7746016133420075
1.1000003558096796,-1.1000003558096796,2.774600897481397,2.774600897481397
1.1000008548215188,-1.1000008548215188,2.7746021561707144,2.7746021561707144
1.099999919673991,-1.099999919673991,2.774599797388596,2.774599797388596
1.0999996096280698,-1.0999996096280698,2.774599015340039,2.774599015340039
1.1000009857330375,-1.1000009857330375,2.774602486377169,2.774602486377169
1.1000006050916336,-1.1000006050916336,2.774601526261133,2.774601526261133
1.0999998186979638,-1.0999998186979638,2.774599542690337,2.774599542690337
1.1000006261791864,-1.1000006261791864,2.77460157945161,2.77460157945161
1.100000746387398,-1.100000746387398,2.7746018826604315,2.7746018826604315
1.099999744543453,-1.099999744543453,2.7745993556456954,2.7745993556456954
1.099999927341072,-1.099999927341072,2.7745998167277626,2.7745998167277626
1.099999940227943,-1.099999940227943,2.774599849233137,2.774599849233137
1.1000003391871827,-1.1000003391871827,2.7746008555534156,2.7746008555534156
1.0999992314948042,-1.0999992314948042,2.7745980615504395,2.7745980615504395
1.100000346358479,-1.100000346358479,2.774600873642033,2.774600873642033
1.1000004667377834,-1.1000004667377834,2.7746011772824124,2.7746011772824124
1.1000001409076707,-1.1000001409076707,2.7746003554203846,2.7746003554203846
1.100000805770283,-1.100000805770283,2.774602032445661,2.774602032445661
1.1000005571651739,-1.1000005571651739,2.774601405373174,2.774601405373174
1.0999991798484274,-1.0999991798484274,2.774597931279497,2.774597931279497
1.0999993742773873,-1.0999993742773873,2.774598421700035,2.774598421700035
1.0999994691406432,-1.0999994691406432,2.7745986609796627,2.7745986609796627
1.099999671188269,-1.099999671188269,2.774599170617246,2.774599170617246
1.0999989698272696,-1.0999989698272696,2.774597401529766,2.774597401529766
1.099999840698718,-1.099999840698718,2.774599598184239,2.774599598184239
1.099999606768156,-1.099999606768156,2.7745990081262955,2.7745990081262955
1.0999992420265787,-1.0999992420265787,2.774598088115405,2.774598088115405
1.0999996148639468,-1.0999996148639468,2.7745990285468247,2.7745990285468247
1.0999999769110766,-1.0999999769110766,2.7745999417613394,2.7745999417613394
1.1000010041986545,-1.1000010041986545,2.77460253295417,2.77460253295417
1.0999997969289572,-1.0999997969289572,2.774599487780986,2.774599487780986
1.10000075043883,-1.10000075043883,2.774601892879616,2.774601892879616
1.0999995286658226,-1.0999995286658226,2.77459881112381,2.77459881112381
1.0999997794522436,-1.0999997794522436,2.7745994436983588,2.7745994436983588
1.0999992792542865,-1.0999992792542865,2.7745981820172214,2.7745981820172214
1.0999991482594207,-1.0999991482594207,2.774597851600535,2.774597851600535
1.0999993153134353,-1.0999993153134353,2.774598272971507,2.774598272971507
1.1000000064193116,-1.1000000064193116,2.774600016191838,2.774600016191838
1.099999067441425,-1.099999067441425,2.774597647748162,2.774597647748162
1.1000006569235692,-1.1000006569235692,2.774601657000123,2.774601657000123
1.0999992302927364,-1.0999992302927364,2.7745980585183876,2.7745980585183876
1.100000131216264,-1.100000131216264,2.7746003309751326,2.7746003309751326
1.10000026752295,-1.10000026752295,2.774600674790161,2.774600674790161
1.0999998308707746,-1.0999998308707746,2.7745995733945916,2.7745995733945916
1.1000006021480684,-1.1000006021480684,2.7746015188363917,2.7746015188363917
1.1000001567915059,-1.1000001567915059,2.774600395485193,2.774600395485193
1.100001033736792,-1.100001033736792,2.774602607460094,2.774602607460094
1.0999995859547844,-1.0999995859547844,2.774598955627405,2.774598955627405
1.099999793705177,-1.099999793705177,2.7745994796494404,2.7745994796494404
1.1000000422755525,-1.1000000422755525,2.774600106634316,2.774600106634316
1.1000005994045892,-1.1000005994045892,2.774601511916339,2.774601511916339
1.0999999400083698,-1.0999999400083698,2.7745998486792933,2.7745998486792933
1.0999994577873768,-1.0999994577873768,2.7745986323425966,2.7745986323425966
1.1000004791425013,-1.1000004791425013,2.774601208571622,2.774601208571622
1.1000003821273967,-1.1000003821273967,2.7746009638642497,2.7746009638642497
1.1000009185259876,-1.1000009185259876,2.77460231685655,2.77460231685655
1.100001014599685,-1.100001014599685,2.774602559189351,2.774602559189351
1.0999992065786497,-1.0999992065786497,2.7745979987028377,2.7745979987028377
1.0999991038940988,-1.0999991038940988,2.7745977396950603,2.7745977396950603
1.0999991800350513,-1.0999991800350513,2.7745979317502303,2.7745979317502303
1.09999923665794,-1.09999923665794,2.7745980745737455,2.7745980745737455
1.099999854238097,-1.099999854238097,2.7745996323354767,2.7745996323354767
1.0999993122398506,-1.0999993122398506,2.774598265218809,2.774598265218809
1.0999998971529414,-1.0999998971529414,2.7745997405823193,2.7745997405823193
1.0999993615089174,-1.0999993615089174,2.774598389493311,2.774598389493311
1.0999992413703061,-1.0999992413703061,2.774598086460047,2.774598086460047
1.1000004268109536,-1.1000004268109536,2.7746010765724285,2.7746010765724285
1.099999885320316,-1.099999885320316,2.774599710736135,2.774599710736135
1.0999991307970665,-1.0999991307970665,2.774597807554128,2.774597807554128
1.1000005777478303,-1.1000005777478303,2.7746014572901183,2.7746014572901183
1.0999999507442861,-1.0999999507442861,2.7745998757591783,2.7745998757591783
1.0999990912948496,-1.0999990912948496,2.7745977079151727,2.7745977079151727
1.0999990947789131,-1.0999990947789131,2.774597716703248,2.774597716703248
1.0999990391324828,-1.0999990391324828,2.7745975763427153,2.7745975763427153
1.0999993003074904,-1.0999993003074904,2.774598235121057,2.774598235121057
1.1000000946363573,-1.1000000946363573,2.7746002387073063,2.7746002387073063
1.0999999805352503,-1.0999999805352503,2.774599950902823,2.774599950902823
1.1000004609828296,-1.1000004609828296,2.7746011627663263,2.7746011627663263
1.0999990814096108,-1.0999990814096108,2.7745976829810055,2.7745976829810055
1.1000004170734539,-1.1000004170734539,2.774601052010914,2.774601052010914
1.1000005268717812,-1.1000005268717812,2.7746013289622216,2.7746013289622216
1.0999994196462706,-1.0999994196462706,2.774598536136857,2.774598536136857
1.0999996851826315,-1.0999996851826315,2.7745992059161173,2.7745992059161173
1.100000094807405,-1.100000094807405,2.7746002391387505,2.7746002391387505
1.1000004401966075,-1.1000004401966075,2.7746011103359156,2.7746011103359156
1.100000529839663,-1.100000529839663,2.7746013364482986,2.7746013364482986
1.1000004250457365,-1.1000004250457365,2.7746010721199097,2.7746010721199097
1.1000001968957351,-1.1000001968957351,2.7746004966426425,2.7746004966426425
1.0999991640205082,-1.0999991640205082,2.774597891355729,2.774597891355729
1.1000010330425283,-1.1000010330425283,2.774602605708908,2.774602605708908
1.099999802713571,-1.099999802713571,2.7745995023718852,2.7745995023718852
1.0999999094566568,-1.0999999094566568,2.7745997716167636,2.7745997716167636
1.1000010174197652,-1.1000010174197652,2.774602566302619,2.774602566302619
1.1000008393391556,-1.1000008393391556,2.7746021171185644,2.7746021171185644
1.1000009191925986,-1.1000009191925986,2.7746023185379856,2.7746023185379856
1.1000004651377395,-1.1000004651377395,2.77460117324652,2.77460117324652
1.1000000517705688,-1.1000000517705688,2.7746001305842003,2.7746001305842003
1.1000010382936638,-1.1000010382936638,2.7746026189541815,2.7746026189541815
1.0999998080812834,-1.0999998080812834,2.7745995159112082,2.7745995159112082
1.0999992708292547,-1.0999992708292547,2.7745981607662276,2.7745981607662276
1.1000008864645394,-1.1000008864645394,2.7746022359859195,2.7746022359859195
1.0999997587770716,-1.0999997587770716,2.774599391548057,2.774599391548057
1.1000006482035247,-1.1000006482035247,2.774601635005,2.774601635005
1.1000006944525598,-1.1000006944525598,2.774601751661884,2.774601751661884
1.1000002612470048,-1.1000002612470048,2.774600658959945,2.774600658959945
1.0999993637690169,-1.0999993637690169,2.7745983951941033,2.7745983951941033
1.1000009228320837,-1.1000009228320837,2.7746023277180907,2.7746023277180907
1.0999991269944371,-1.0999991269944371,2.7745977979625143,2.7745977979625143
1.099999927289987,-1.099999927289987,2.7745998165989074,2.7745998165989074
1.100000363077278,-1.100000363077278,2.7746009158129232,2.7746009158129232
1.1000005163034625,-1.1000005163034625,2.7746013023050793,2.7746013023050793
1.1000007002201704,-1.1000007002201704,2.774601766209895,2.774601766209895
1.0999998076417092,-1.0999998076417092,2.774599514802442,2.774599514802442
1.100000809056807,-1.100000809056807,2.7746020407354695,2.7746020407354695
1.1000010301840792,-1.1000010301840792,2.77460259849886,2.77460259849886
1.0999996827329823,-1.0999996827329823,2.7745991997372115,2.7745991997372115
1.0999995961599736,-1.0999995961599736,2.774598981368602,2.774598981368602
1.1000004148867897,-1.1000004148867897,2.7746010464953517,2.7746010464953517
1.1000003551951896,-1.1000003551951896,2.77460089593143,2.77460089593143
1.099999543010135,-1.099999543010135,2.7745988473053824,2.7745988473053824
1.099999156759748,-1.099999156759748,2.7745978730414516,2.7745978730414516
1.099999753961911,-1.099999753961911,2.7745993794024715,2.7745993794024715
1.0999999610586915,-1.0999999610586915,2.774599901775859,2.774599901775859
1.0999991120051649,-1.0999991120051649,2.7745977601541187,2.7745977601541187
1.1000004370201302,-1.1000004370201302,2.7746011023236847,2.7746011023236847
1.1000000717612541,-1.1000000717612541,2.774600181007978,2.774600181007978
1.10000085918438,-1.10000085918438,2.774602167175437,2.774602167175437
1.100000718558299,-1.100000718558299,2.774601812465324,2.774601812465324
1.0999994548801795,-1.0999994548801795,2.774598625009587,2.774598625009587
1.1000003138889234,-1.1000003138889234,2.774600791742006,2.774600791742006
1.0999996781912267,-1.0999996781912267,2.774599188281252,2.774599188281252
1.1000004943673038,-1.1000004943673038,2.77460124697411,2.77460124697411
1.1000001029666313,-1.1000001029666313,2.7746002597192865,2.7746002597192865
1.0999999924836348,-1.0999999924836348,2.774599981040994,2.774599981040994
1.1000009112081135,-1.1000009112081135,2.774602298398211,2.774602298398211
1.0999998327602822,-1.0999998327602822,2.7745995781606174,2.7745995781606174
1.0999998165275775,-1.0999998165275775,2.7745995372158334,2.7745995372158334
1.1000009560704505,-1.1000009560704505,2.774602411557338,2.774602411557338
1.1000003739529158,-1.1000003739529158,2.7746009432452365,2.7746009432452365
1.0999991697335283,-1.0999991697335283,2.7745979057660435,2.7745979057660435
1.0999999909675695,-1.0999999909675695,2.7745999772169254,2.7745999772169254
1.099999147438838,-1.099999147438838,2.774597849530727,2.774597849530727
1.100000398699863,-1.100000398699863,2.774601005666036,2.774601005666036
1.1000000576917595,-1.1000000576917595,2.774600145519596,2.774600145519596
1.100000647119692,-1.100000647119692,2.774601632271179,2.774601632271179
1.0999993188090962,-1.0999993188090962,2.7745982817888346,2.7745982817888346
1.0999989724303627,-1.0999989724303627,2.7745974080957128,2.7745974080957128
1.0999990707108467,-1.0999990707108467,2.774597655994832,2.774597655994832
1.0999991530373308,-1.0999991530373308,2.7745978636521618,2.7745978636521618
1.0999989836853645,-1.0999989836853645,2.77459743648492,2.77459743648492
1.0999993788356353,-1.0999993788356353,2.7745984331975944,2.7745984331975944
1.1000000355515271,-1.1000000355515271,2.7746000896738794,2.7746000896738794
1.1000007186288905,-1.1000007186288905,2.7746018126433816,2.7746018126433816
1.1000007251200874,-1.1000007251200874,2.7746018290165404,2.7746018290165404
1.0999991680100032,-1.0999991680100032,2.7745979014186863,2.7745979014186863
1.1000007398575495,-1.1000007398575495,2.774601866189779,2.774601866189779
1.1000004019612002,-1.1000004019612002,2.7746010138923145,2.7746010138923145
1.0999995091360435,-1.0999995091360435,2.774598761862606,2.774598761862606
1.0999989523681324,-1.0999989523681324,2.774597357491473,2.774597357491473
1.0999996164408785,-1.0999996164408785,2.7745990325244194,2.7745990325244194
1.1000002046670172,-1.1000002046670172,2.7746005162446417,2.7746005162446417
1.1000000819668796,-1.1000000819668796,2.7746002067502764,2.7746002067502764
1.0999999152209141,-1.0999999152209141,2.7745997861563167,2.7745997861563167
1.0999996663882754,-1.0999996663882754,2.7745991585099175,2.7745991585099175
1.100000155128395,-1.100000155128395,2.774600391290223,2.774600391290223
1.0999993821203893,-1.0999993821203893,2.774598441482938,2.774598441482938
1.100000066561571,-1.100000066561571,2.774600167892486,2.774600167892486
1.1000003410902013,-1.1000003410902013,2.7746008603535204,2.7746008603535204
1.1000003087617785,-1.1000003087617785,2.774600778809482,2.774600778809482
1.0999994457316642,-1.0999994457316642,2.774598601933705,2.774598601933705
1.1000001575039549,-1.1000001575039549,2.7746003972822484,2.7746003972822484
1.0999994278711676,-1.0999994278711676,2.774598556883038,2.774598556883038
1.0999996243551577,-1.0999996243551577,2.7745990524871096,2.7745990524871096
1.1000004133649692,-1.1000004133649692,2.7746010426567667,2.7746010426567667
1.1000007274937098,-1.1000007274937098,2.774601835003679,2.774601835003679
1.0999996224113398,-1.0999996224113398,2.774599047584094,2.774599047584094
1.100000348435075,-1.100000348435075,2.774600878879963,2.774600878879963
1.0999991057751692,-1.0999991057751692,2.774597744439804,2.774597744439804
1.1000005377567446,-1.1000005377567446,2.7746013564180574,2.7746013564180574
1.1000002965810287,-1.1000002965810287,2.774600748085202,2.774600748085202
1.0999992503657037,-1.0999992503657037,2.7745981091497103,2.7745981091497103
1.0999992721485985,-1.0999992721485985,2.7745981640940918,2.7745981640940918
1.099999609501321,-1.099999609501321,2.774599015020332,2.774599015020332
1.0999990888992919,-1.0999990888992919,2.774597701872705,2.774597701872705
1.0999994496542762,-1.0999994496542762,2.7745986118279586,2.7745986118279586
1.099999273544735,-1.099999273544735,2.7745981676156566,2.7745981676156566
1.1000001841443638,-1.1000001841443638,2.774600464479047,2.774600464479047
1.0999991474180975,-1.0999991474180975,2.774597849478412,2.774597849478412
1.1000007274636217,-1.1000007274636217,2.774601834927786,2.774601834927786
1.0999995245810066,-1.0999995245810066,2.774598800820419,2.774598800820419
1.0999994877929506,-1.0999994877929506,2.7745987080275647,2.7745987080275647
1.1000005095479246,-1.1000005095479246,2.7746012852651565,2.7746012852651565
1.1000007118355173,-1.1000007118355173,2.7746017955080235,2.7746017955080235
1.1000005719518555,-1.1000005719518555,2.774601442670562,2.774601442670562
1.0999994037743748,-1.0999994037743748,2.774598496102164,2.774598496102164
1.1000003790150792,-1.1000003790150792,2.774600956013854,2.774600956013854
1.0999990001305193,-1.0999990001305193,2.774597477965581,2.774597477965581
1.1000002260526553,-1.1000002260526553,2.7746005701869976,2.7746005701869976
1.100000915524372,-1.100000915524372,2.7746023092853838,2.7746023092853838
1.0999989990868027,-1.0999989990868027,2.7745974753329476,2.7745974753329476
1.100000932429168,-1.100000932429168,2.774602351925427,2.774602351925427
1.0999991876603463,-1.0999991876603463,2.774597950983997,2.774597950983997
1.0999993969488373,-1.0999993969488373,2.7745984788856766,2.7745984788856766
1.0999993243672677,-1.0999993243672677,2.774598295808565,2.774598295808565
1.1000009703626386,-1.1000009703626386,2.7746024476074336,2.7746024476074336
1.1000007309525432,-1.1000007309525432,2.774601843728115,2.774601843728115
1.1000004940579513,-1.1000004940579513,2.7746012461938108,2.7746012461938108
1.1000003041501938,-1.1000003041501938,2.7746007671773887,2.7746007671773887
1.1000009749397517,-1.1000009749397517,2.774602459152577,2.774602459152577
1.0999994969829714,-1.0999994969829714,2.7745987312081386,2.7745987312081386
1.099999281689338,-1.099999281689338,2.7745981881593065,2.7745981881593065
1.1000002866056144,-1.1000002866056144,2.7746007229235796,2.7746007229235796
1.1000009335576169,-1.1000009335576169,2.7746023547717855,2.7746023547717855
1.1000000502238583,-1.1000000502238583,2.7746001266828335,2.7746001266828335
1.1000004234033107,-1.1000004234033107,2.7746010679771147,2.7746010679771147
1.099999599230757,-1.099999599230757,2.7745989891142346,2.7745989891142346
1.1000007202694915,-1.1000007202694915,2.7746018167815736,2.7746018167815736
1.0999998503104687,-1.0999998503104687,2.7745996224285694,2.7745996224285694
1.099999857220388,-1.099999857220388,2.774599639857899,2.774599639857899
1.0999996845969455,-1.0999996845969455,2.774599204438805,2.774599204438805
1.0999997348414845,-1.0999997348414845,2.7745993311738024,2.7745993311738024
1.1000002025808457,-1.1000002025808457,2.774600510982559,2.774600510982559
1.1000008360750948,-1.1000008360750948,2.7746021088854165,2.7746021088854165
1.099999160729613,-1.099999160729613,2.7745978830548945,2.7745978830548945